# Created by Octave 3.0.5, Fri Nov 27 06:52:26 2009 CET <scherrer@pcbruno>
# name: pol_500ech_br_vk
# type: cell
# rows: 1
# columns: 9
# name: <cell-element>
# type: matrix
# rows: 151
# columns: 1
 0.601508237258096
 0.5477168647763951
 0.4921814668763415
 0.4411730718556369
 0.4024560741808997
 0.3696249484448582
 0.3352867726901842
 0.302631262414975
 0.2707658094300601
 0.2400790641717171
 0.2120839719588069
 0.1869882123121239
 0.1657357038053141
 0.1476002286945329
 0.1315196112211164
 0.1170514400084343
 0.1035127186582677
 0.09076817609045977
 0.07894403137977694
 0.06817668496405983
 0.05991953995967952
 0.05325899957776385
 0.04787807766409399
 0.04597034235960733
 0.0453255326281426
 0.04456195078633438
 0.04399489696939309
 0.04318092417922915
 0.04210171342378825
 0.0409068662294723
 0.0396167152020795
 0.03828994926663334
 0.03719294548587579
 0.03619267018718942
 0.03566698498676951
 0.03540380676200013
 0.03518159862345099
 0.03508594468099497
 0.03514326206938475
 0.03545477765010609
 0.03582913663564175
 0.03620903905744972
 0.03658457389018879
 0.03694762632560645
 0.03729191814572699
 0.03764008747101818
 0.03800165493980914
 0.03833204007415403
 0.03863004986020462
 0.03890838756871039
 0.03915268809322484
 0.03936429597686491
 0.03954571315105723
 0.03969984871596139
 0.03982981522216555
 0.03994151930505197
 0.04005892732143453
 0.0401563129261811
 0.04023643136111395
 0.0403018836674609
 0.04035725768490202
 0.04040692851385861
 0.04044782418422805
 0.04048135857988904
 0.04050872691439922
 0.04053092158377175
 0.04054875355149891
 0.0405628769592991
 0.04057381500740145
 0.04058198551229215
 0.04058419973785922
 0.04057625656645453
 0.04056736893058071
 0.04055778273020834
 0.04054403307921952
 0.04053025758834356
 0.04051662931081576
 0.04050524582677978
 0.04049881911173919
 0.04049157321895656
 0.04048329101594257
 0.0404751314947893
 0.04046722996486526
 0.04045971157170408
 0.04045268866973703
 0.04044770041448755
 0.04044355185109218
 0.04044022520682732
 0.04043769303884102
 0.0404359192687028
 0.04043486021043818
 0.04043446560640712
 0.04043467967904406
 0.04043544220048016
 0.04043668957632598
 0.04043835593524032
 0.04044037421218832
 0.0404426772102823
 0.04044519862489031
 0.04044787401286671
 0.04045064169029342
 0.04045344354341642
 0.04045622573942575
 0.04045893932631001
 0.04046154071381713
 0.0404639920307947
 0.04046626135730504
 0.04046832283298533
 0.04047015664616087
 0.04047174891073955
 0.04047309144030541
 0.04047418143051851
 0.04047502106273122
 0.04047561704231113
 0.04047598008602957
 0.04047612437285802
 0.04047606697233132
 0.04047582726404173
 0.04047542636104027
 0.04047488654849526
 0.04047423074813561
 0.04047348201709711
 0.04047266308860131
 0.04047179596013268
 0.04047179596013268
 0.04047179596013268
 0.04047179596013268
 0.04047179596013268
 0.04047179596013268
 0.04047179596013268
 0.04047179596013268
 0.04047179596013268
 0.04047179596013268
 0.04047179596013268
 0.04047179596013268
 0.04047179596013268
 0.04047179596013268
 0.04047179596013268
 0.04047179596013268
 0.04047179596013268
 0.04047179596013268
 0.04047179596013268
 0.04047179596013268
 0.04047179596013268
 0.04047179596013268
 0.04047179596013268
 0.04047179596013268
 0.04047179596013268
 0.04047179596013268
 0.04047179596013268
 0.04047179596013268

# name: <cell-element>
# type: matrix
# rows: 151
# columns: 1
 0.601508237258096
 0.5424055823818618
 0.4805464101401455
 0.4286104866615634
 0.3873269105148597
 0.3505469658983259
 0.3130922735840089
 0.2778844688937492
 0.2435635124190731
 0.212381513844369
 0.1848626068764706
 0.161733934365826
 0.1425114989453055
 0.125395933865641
 0.1099952732210077
 0.09570018413646697
 0.08244096597439472
 0.07053219044213677
 0.06139006785721755
 0.05418882099867531
 0.04836421359421064
 0.0461480021202679
 0.0453277562705109
 0.04460637280020118
 0.04386603865629141
 0.04279421218515245
 0.04149572927674864
 0.04010683213407033
 0.03866092429897263
 0.03741298630315058
 0.03640565103799334
 0.03591021543262377
 0.03564050519015872
 0.03547940396060163
 0.03545952968033406
 0.03562897894468568
 0.03604313120143074
 0.03647908720351785
 0.0369415314319095
 0.03739023268399688
 0.0378160210232248
 0.0382123321517013
 0.03858404395167526
 0.03893118993230235
 0.03924645635393915
 0.0395238856583405
 0.03976230133516555
 0.03996464759384893
 0.04013450849300121
 0.04027578775402837
 0.04042440115001762
 0.04054801883213836
 0.04064913311996785
 0.04073106556752099
 0.04079690600862273
 0.04084943502742959
 0.04089108198405438
 0.04092391225792283
 0.04094963726659477
 0.04096964108509917
 0.04098501803242661
 0.04099661631615384
 0.04100508365062798
 0.04101174531102164
 0.04101172641463884
 0.04100136055047254
 0.04099008204060993
 0.04097853975451451
 0.04096383303248301
 0.04095471435703134
 0.04094733446549301
 0.04094119018574166
 0.04093213179237466
 0.04092328627247332
 0.04091482410761977
 0.04090689894949759
 0.04090049310007265
 0.04089515562718265
 0.04089087137189445
 0.04088760789115464
 0.04088531764902544
 0.04088394017320519
 0.04088340418879619
 0.04088362973282286
 0.04088453024468278
 0.04088601461992798
 0.04088798920834431
 0.04089035973249922
 0.04089303310014644
 0.04089591908310373
 0.04089893183610627
 0.04090199123196486
 0.04090502399331295
 0.04090796460628933
 0.04091075600736086
 0.04091335004035124
 0.04091570768702912
 0.04091779908027171
 0.04091960331409299
 0.04092110806933239
 0.04092230907764053
 0.04092320944887413
 0.04092381888910598
 0.04092415283707485
 0.04092423154690897
 0.04092407914418199
 0.04092372268058074
 0.04092319121038403
 0.0409225149093819
 0.04092172425365399
 0.04092084927260484
 0.04091991888734191
 0.04091991888734191
 0.04091991888734191
 0.04091991888734191
 0.04091991888734191
 0.04091991888734191
 0.04091991888734191
 0.04091991888734191
 0.04091991888734191
 0.04091991888734191
 0.04091991888734191
 0.04091991888734191
 0.04091991888734191
 0.04091991888734191
 0.04091991888734191
 0.04091991888734191
 0.04091991888734191
 0.04091991888734191
 0.04091991888734191
 0.04091991888734191
 0.04091991888734191
 0.04091991888734191
 0.04091991888734191
 0.04091991888734191
 0.04091991888734191
 0.04091991888734191
 0.04091991888734191
 0.04091991888734191
 0.04091991888734191
 0.04091991888734191
 0.04091991888734191
 0.04091991888734191
 0.04091991888734191
 0.04091991888734191
 0.04091991888734191
 0.04091991888734191
 0.04091991888734191
 0.04091991888734191
 0.04091991888734191
 0.04091991888734191

