# Created by Octave 3.0.5, Fri Nov 27 06:52:26 2009 CET <scherrer@pcbruno>
# name: pol_500ech_br_vpi
# type: cell
# rows: 1
# columns: 9
# name: <cell-element>
# type: matrix
# rows: 151
# columns: 1
 0.4679768465544669
 0.477297392665385
 0.2738759724835607
 0.2090570688586016
 0.0467360947228564
 0.0172810146933855
 0.005617763508072962
 0.003745175672048641
 0.001872587836024321
 0
 0
 0
 0
 0
 0
 0
 0
 0
 0
 0
 0
 0.001872587836024321
 0.003745175672048641
 0.003745175672048641
 0.003745175672048641
 0.003745175672048641
 0.003745175672048641
 0.003745175672048641
 0.003745175672048641
 0.003745175672048641
 0.003745175672048641
 0.003745175672048641
 0.003745175672048641
 0.003745175672048641
 0.003745175672048641
 0.003745175672048641
 0.003745175672048641
 0.003745175672048641
 0
 0
 0
 0
 0
 0
 0
 0
 0
 0
 0
 0
 0
 0
 0
 0
 0
 0
 0
 0
 0
 0
 0
 0
 0
 0
 0
 0
 0
 0
 0
 0
 0
 0
 0
 0
 0
 0
 0
 0
 0
 0
 0
 0
 0
 0
 0
 0
 0
 0
 0
 0
 0
 0
 0
 0
 0
 0
 0
 0
 0
 0
 0
 0
 0
 0
 0
 0
 0
 0
 0
 0
 0
 0
 0
 0
 0
 0
 0
 0
 0
 0
 0
 0
 0
 0
 0
 0
 0
 0
 0
 0
 0
 0
 0
 0
 0
 0
 0
 0
 0
 0
 0
 0
 0
 0
 0
 0
 0
 0
 0
 0
 0

# name: <cell-element>
# type: matrix
# rows: 151
# columns: 1
 0.4679768465544669
 0.2295487460206905
 0.2634444173928087
 0.1570551085099282
 0.02102619036543414
 0.007490351344097282
 0.005617763508072962
 0.001872587836024321
 0
 0
 0
 0
 0
 0
 0
 0
 0
 0
 0
 0.001872587836024321
 0.003745175672048641
 0.003745175672048641
 0.003745175672048641
 0.003745175672048641
 0.003745175672048641
 0.003745175672048641
 0.003745175672048641
 0.003745175672048641
 0.003745175672048641
 0.003745175672048641
 0.003745175672048641
 0.003745175672048641
 0.003745175672048641
 0.003745175672048641
 0.001872587836024321
 0
 0
 0
 0
 0
 0
 0
 0
 0
 0
 0
 0
 0
 0
 0
 0
 0
 0
 0
 0
 0
 0
 0
 0
 0
 0
 0
 0
 0
 0
 0
 0
 0
 0
 0
 0
 0
 0
 0
 0
 0
 0
 0
 0
 0
 0
 0
 0
 0
 0
 0
 0
 0
 0
 0
 0
 0
 0
 0
 0
 0
 0
 0
 0
 0
 0
 0
 0
 0
 0
 0
 0
 0
 0
 0
 0
 0
 0
 0
 0
 0
 0
 0
 0
 0
 0
 0
 0
 0
 0
 0
 0
 0
 0
 0
 0
 0
 0
 0
 0
 0
 0
 0
 0
 0
 0
 0
 0
 0
 0
 0
 0
 0
 0
 0
 0

# name: <cell-element>
# type: matrix
# rows: 151
# columns: 1
 0.4679768465544669
 0.2157852012052838
 0.1883660794463513
 0.02102619036543414
 0.005617763508072962
 0
 0
 0
 0
 0
 0
 0
 0
 0
 0.001872587836024321
 0.001872587836024321
 0.003745175672048641
 0.003745175672048641
 0.003745175672048641
 0.003745175672048641
 0.003745175672048641
 0.003745175672048641
 0.003745175672048641
 0.003745175672048641
 0.003745175672048641
 0.003745175672048641
 0.001872587836024321
 0
 0.001872587836024321
 0
 0
 0
 0
 0
 0
 0
 0
 0
 0
 0
 0
 0
 0
 0
 0
 0
 0.001872587836024321
 0
 0
 0.001872587836024321
 0
 0
 0.001872587836024321
 0
 0
 0.001872587836024321
 0
 0
 0
 0
 0
 0
 0
 0
 0
 0
 0
 0
 0
 0
 0
 0
 0
 0
 0
 0
 0
 0
 0
 0
 0
 0
 0
 0
 0
 0
 0
 0
 0
 0
 0
 0
 0
 0
 0
 0
 0
 0
 0
 0
 0
 0
 0
 0
 0
 0
 0
 0
 0
 0
 0
 0
 0
 0
 0
 0
 0
 0
 0
 0
 0
 0
 0
 0
 0
 0
 0
 0
 0
 0
 0
 0
 0
 0
 0
 0
 0
 0
 0
 0
 0
 0
 0
 0
 0
 0
 0
 0
 0
 0
 0

# name: <cell-element>
# type: matrix
# rows: 151
# columns: 1
 0.4679768465544669
 0.2224088509400253
 0.02477136603748278
 0.005617763508072962
 0
 0
 0
 0
 0
 0.001872587836024321
 0
 0.001872587836024321
 0.003745175672048641
 0.003745175672048641
 0.003745175672048641
 0.003745175672048641
 0.003745175672048641
 0.003745175672048641
 0.001872587836024321
 0
 0.001872587836024321
 0
 0.001872587836024321
 0
 0
 0
 0
 0
 0.001872587836024321
 0
 0.001872587836024321
 0
 0.001872587836024321
 0
 0.001872587836024321
 0
 0.001872587836024321
 0
 0.001872587836024321
 0
 0.001872587836024321
 0
 0.001872587836024321
 0
 0.001872587836024321
 0
 0.001872587836024321
 0
 0.001872587836024321
 0
 0.001872587836024321
 0
 0.001872587836024321
 0
 0.001872587836024321
 0
 0.001872587836024321
 0
 0.001872587836024321
 0
 0.001872587836024321
 0
 0.001872587836024321
 0
 0.001872587836024321
 0
 0.001872587836024321
 0
 0.001872587836024321
 0
 0.001872587836024321
 0
 0.001872587836024321
 0
 0.001872587836024321
 0
 0.001872587836024321
 0
 0.001872587836024321
 0
 0.001872587836024321
 0
 0.001872587836024321
 0
 0.001872587836024321
 0
 0.001872587836024321
 0
 0.001872587836024321
 0
 0.001872587836024321
 0
 0.001872587836024321
 0
 0.001872587836024321
 0
 0.001872587836024321
 0
 0.001872587836024321
 0
 0.001872587836024321
 0
 0.001872587836024321
 0
 0.001872587836024321
 0
 0.001872587836024321
 0
 0.001872587836024321
 0
 0.001872587836024321
 0
 0.001872587836024321
 0
 0.001872587836024321
 0
 0.001872587836024321
 0
 0.001872587836024321
 0
 0.001872587836024321
 0
 0.001872587836024321
 0
 0.001872587836024321
 0
 0.001872587836024321
 0
 0.001872587836024321
 0
 0.001872587836024321
 0
 0.001872587836024321
 0
 0.001872587836024321
 0
 0.001872587836024321
 0
 0.001872587836024321
 0
 0.001872587836024321
 0
 0.001872587836024321
 0
 0.001872587836024321
 0
 0.001872587836024321
 0
 0.001872587836024321
 0
 0.001872587836024321

# name: <cell-element>
# type: matrix
# rows: 151
# columns: 1
 0.4679768465544669
 0.1697404575482728
 0.02873040379411472
 0.01310811485217024
 0.009362939180121602
 0.003745175672048641
 0.001872587836024321
 0.001872587836024321
 0.003745175672048641
 0.001872587836024321
 0.001872587836024321
 0.001872587836024321
 0
 0.001872587836024321
 0
 0.001872587836024321
 0
 0.001872587836024321
 0
 0.001872587836024321
 0
 0.001872587836024321
 0
 0.001872587836024321
 0
 0.001872587836024321
 0
 0.001872587836024321
 0
 0.001872587836024321
 0
 0.001872587836024321
 0
 0.001872587836024321
 0
 0.001872587836024321
 0
 0.001872587836024321
 0
 0.001872587836024321
 0
 0.001872587836024321
 0
 0.001872587836024321
 0
 0.001872587836024321
 0
 0.001872587836024321
 0
 0.001872587836024321
 0
 0.001872587836024321
 0
 0.001872587836024321
 0
 0.001872587836024321
 0
 0.001872587836024321
 0
 0.001872587836024321
 0
 0.001872587836024321
 0
 0.001872587836024321
 0
 0.001872587836024321
 0
 0.001872587836024321
 0
 0.001872587836024321
 0
 0.001872587836024321
 0
 0.001872587836024321
 0
 0.001872587836024321
 0
 0.001872587836024321
 0
 0.001872587836024321
 0
 0.001872587836024321
 0
 0.001872587836024321
 0
 0.001872587836024321
 0
 0.001872587836024321
 0
 0.001872587836024321
 0
 0.001872587836024321
 0
 0.001872587836024321
 0
 0.001872587836024321
 0
 0.001872587836024321
 0
 0.001872587836024321
 0
 0.001872587836024321
 0
 0.001872587836024321
 0
 0.001872587836024321
 0
 0.001872587836024321
 0
 0.001872587836024321
 0
 0.001872587836024321
 0
 0.001872587836024321
 0
 0.001872587836024321
 0
 0.001872587836024321
 0
 0.001872587836024321
 0
 0.001872587836024321
 0
 0.001872587836024321
 0
 0.001872587836024321
 0
 0.001872587836024321
 0
 0.001872587836024321
 0
 0.001872587836024321
 0
 0.001872587836024321
 0
 0.001872587836024321
 0
 0.001872587836024321
 0
 0.001872587836024321
 0
 0.001872587836024321
 0
 0.001872587836024321
 0
 0.001872587836024321
 0
 0.001872587836024321
 0
 0.001872587836024321
 0

