# Created by Octave 3.0.5, Tue Dec 01 15:22:25 2009 CET <bruno@midjy>
# name: pol_500ech_fp_vk
# type: cell
# rows: 1
# columns: 9
# name: <cell-element>
# type: matrix
# rows: 151
# columns: 1
 5.935147923671208
 5.881356551189505
 5.820214327850434
 5.762786827365041
 5.711247316639492
 5.663474982420409
 5.608079486648525
 5.550416977159697
 5.488710244346271
 5.425358689903494
 5.36328910289312
 5.30548967566258
 5.251910394872237
 5.201545178906867
 5.149812173033651
 5.096932151052984
 5.041822983402166
 4.984273052521655
 4.925663912477172
 4.86710125240601
 4.809584300490155
 4.753917444818627
 4.700702393428796
 4.64940712701732
 4.599784496303425
 4.55216708071107
 4.505914951276648
 4.461774285626411
 4.418753041685133
 4.376896179130733
 4.336952247842005
 4.298391278672907
 4.26082114221884
 4.224218203840438
 4.188815626079309
 4.154410887077776
 4.12053139186679
 4.087169559900155
 4.054136045633709
 4.021394594820743
 3.989217366493541
 3.958421467853282
 3.92794589458953
 3.89775407223088
 3.867819439615516
 3.83812630241493
 3.810892873386786
 3.784942402771144
 3.759521964108957
 3.735876866992939
 3.712510902392242
 3.689358000055145
 3.666368636297953
 3.643421015161027
 3.62054148884258
 3.597663548507241
 3.574625963913498
 3.551477261075573
 3.528206481376952
 3.504794533846509
 3.48140183845134
 3.458162712396223
 3.435149950825245
 3.412423742606837
 3.390015107810589
 3.367970145949638
 3.345862375113386
 3.323579967193897
 3.30112821502246
 3.280518093466259
 3.26052833755
 3.240514416566555
 3.220853428702743
 3.201350689266335
 3.181731694026844
 3.164589705569394
 3.14767805131604
 3.131021009141968
 3.114693302716755
 3.09862255674661
 3.08274117830334
 3.066587922050346
 3.050439805292727
 3.034144642047776
 3.017755955472335
 3.001217068985169
 2.984649623991788
 2.967910395657366
 2.951242173450712
 2.934625010551013
 2.918174901291725
 2.901917270274688
 2.885943173390629
 2.869749524103774
 2.853173282981014
 2.836430188402653
 2.822009085097985
 2.807456390218972
 2.792636509001664
 2.777482141021856
 2.761937816603569
 2.746058550124165
 2.73003858289607
 2.71364053400694
 2.696863754859801
 2.679730952431466
 2.662210124739372
 2.645205673255907
 2.629200467663592
 2.616648479635681
 2.604796134807856
 2.593749240196144
 2.583549854772044
 2.573259792002123
 2.560630036910267
 2.54791876047498
 2.534228002153881
 2.520127522929827
 2.505738606562022
 2.49146309282185
 2.477445292778342
 2.463824408717203
 2.450649691466584
 2.439264301401128
 2.428255947624529
 2.417577384482826
 2.406900528734168
 2.396028873031013
 2.384838934587473
 2.373262066609487
 2.36155754888289
 2.349376792348814
 2.336624007484485
 2.323209030497655
 2.309798193767115
 2.296146137729151
 2.282470024318799
 2.273711622724227
 2.265505738364892
 2.257957037464568
 2.251054839933311
 2.242853046096501
 2.234014760983583
 2.224591742398827
 2.21467346022831
 2.204196718097725
 2.193474675612049
 2.182857260348377
 2.172543310824698
 2.162680190825365
 2.154208112451834

# name: <cell-element>
# type: matrix
# rows: 151
# columns: 1
 5.935147923671208
 5.875423250637501
 5.805871151660016
 5.745728078113612
 5.688521703168837
 5.631726580656664
 5.566965451110349
 5.500227051463694
 5.429577237086698
 5.360656873239926
 5.296620280485877
 5.238220870788568
 5.182025118220072
 5.124468301823549
 5.064853411186797
 5.002722816778812
 4.939057160471889
 4.875409064579327
 4.813668769548183
 4.753543803372484
 4.696211285499778
 4.640949514366128
 4.587976485169326
 4.536689373772072
 4.487642240186601
 4.439978798914783
 4.39400731298161
 4.35031213951311
 4.307812857989453
 4.266492576045218
 4.226630622302977
 4.188043342171512
 4.150277327256675
 4.113118899937879
 4.076560098210573
 4.040419152656596
 4.00462966578924
 3.970294131094064
 3.936698236926321
 3.903457003705834
 3.870538528727789
 3.839257894098426
 3.810228830489227
 3.781738587994595
 3.753754019406204
 3.726725323748565
 3.700772894418054
 3.675020069345913
 3.649381195446074
 3.623821361580483
 3.598141713725393
 3.572367072912565
 3.546508132929601
 3.520573488756161
 3.494668560599861
 3.468950151327566
 3.443497678997189
 3.41838816635763
 3.393654451286402
 3.369326408652575
 3.345261690948309
 3.321072861258075
 3.296790983532401
 3.272682153425781
 3.250865255510176
 3.229285150520957
 3.207907285734313
 3.188570532509038
 3.169679087146879
 3.151024154030685
 3.132535363209936
 3.114175031566912
 3.095906756227239
 3.077692338061874
 3.059466592739509
 3.041217048023215
 3.023000412602336
 3.00479855294936
 2.986465434950816
 2.968176940159875
 2.949937331397491
 2.931834620926189
 2.913909511720933
 2.89621229208148
 2.878770528375008
 2.861482793127307
 2.843963743124939
 2.826221051368842
 2.808234687629804
 2.790482522110166
 2.774263269884859
 2.757897976821879
 2.741481057577094
 2.724866176690901
 2.708024351783175
 2.691567360778099
 2.679119922743256
 2.666803501531373
 2.654471391327632
 2.642061895027528
 2.629530267933278
 2.616783232148604
 2.603753561247915
 2.590499065497526
 2.576821880025332
 2.562715552502224
 2.548315010335638
 2.533680372874401
 2.519009779848937
 2.504589726259015
 2.490497515145333
 2.475848079012732
 2.460978471360812
 2.449516164635936
 2.437886516901008
 2.425908402312951
 2.413446976787332
 2.400367824622791
 2.387112001878942
 2.373329500632932
 2.358783888534193
 2.343976464939805
 2.328945834955465
 2.315321287277705
 2.305611308590568
 2.296605947345469
 2.288353446797939
 2.279043238494403
 2.268974549391365
 2.258235752492864
 2.247019703194026
 2.235176438040357
 2.223278461165523
 2.211486955763392
 2.200139459711439
 2.18932041389213
 2.179084962691159
 2.170795102077931
 2.162448151679438
 2.153569353815675
 2.143750477736811
 2.132902417159199
 2.120980964993909
 2.107994462467374
 2.094028275708927
 2.079119232199545
 2.063739184103739
 2.04859084179749
 2.033004249770203
 2.016515483516204
 2.001663717981005

