# Created by Octave 3.0.5, Thu Nov 26 05:09:30 2009 CET <scherrer@pcbruno>
# name: pol_500ech_fp_vk
# type: cell
# rows: 1
# columns: 9
# name: <cell-element>
# type: matrix
# rows: 151
# columns: 1
 0.601508237258096
 0.5477168647763951
 0.4921814668763415
 0.4411730718556369
 0.4024560741808997
 0.3696249484448582
 0.3352867726901842
 0.302631262414975
 0.2707658094300601
 0.2400790641717171
 0.2120839719588069
 0.1869882123121239
 0.1657357038053141
 0.1476002286945329
 0.1315196112211164
 0.1170514400084343
 0.1035127186582677
 0.09076817609045977
 0.07894403137977694
 0.06817668496405983
 0.05991953995967952
 0.05325899957776385
 0.04787807766409399
 0.04597034235960733
 0.0453255326281426
 0.04456195078633438
 0.04399489696939309
 0.04318092417922915
 0.04210171342378825
 0.0409068662294723
 0.0396167152020795
 0.03828994926663334
 0.03719294548587579
 0.03619267018718942
 0.03566698498676951
 0.03540380676200013
 0.03518159862345099
 0.03508594468099497
 0.03514326206938475
 0.03545477765010609
 0.03582913663564175
 0.03620903905744972
 0.03658457389018879
 0.03694762632560645
 0.03729191814572699
 0.03764008747101818
 0.03800165493980914
 0.03833204007415403
 0.03863004986020462
 0.03890838756871039
 0.03915268809322484
 0.03936429597686491
 0.03954571315105723
 0.03969984871596139
 0.03982981522216555
 0.03994151930505197
 0.04005892732143453
 0.0401563129261811
 0.04023643136111395
 0.0403018836674609
 0.04035725768490202
 0.04040692851385861
 0.04044782418422805
 0.04048135857988904
 0.04050872691439922
 0.04053092158377175
 0.04054875355149891
 0.0405628769592991
 0.04057381500740145
 0.04058198551229215
 0.04058419973785922
 0.04057625656645453
 0.04056736893058071
 0.04055778273020834
 0.04054403307921952
 0.04053025758834356
 0.04051662931081576
 0.04050524582677978
 0.04049881911173919
 0.04049157321895656
 0.04048329101594257
 0.0404751314947893
 0.04046722996486526
 0.04045971157170408
 0.04045268866973703
 0.04044770041448755
 0.04044355185109218
 0.04044022520682732
 0.04043769303884102
 0.0404359192687028
 0.04043486021043818
 0.04043446560640712
 0.04043467967904406
 0.04043544220048016
 0.04043668957632598
 0.04043835593524032
 0.04044037421218832
 0.0404426772102823
 0.04044519862489031
 0.04044787401286671
 0.04045064169029342
 0.04045344354341642
 0.04045622573942575
 0.04045893932631001
 0.04046154071381713
 0.0404639920307947
 0.04046626135730504
 0.04046832283298533
 0.04047015664616087
 0.04047174891073955
 0.04047309144030541
 0.04047418143051851
 0.04047502106273122
 0.04047561704231113
 0.04047598008602957
 0.04047612437285802
 0.04047606697233132
 0.04047582726404173
 0.04047542636104027
 0.04047488654849526
 0.04047423074813561
 0.04047348201709711
 0.04047266308860131
 0.04047179596013268
 0.04047179596013268
 0.04047179596013268
 0.04047179596013268
 0.04047179596013268
 0.04047179596013268
 0.04047179596013268
 0.04047179596013268
 0.04047179596013268
 0.04047179596013268
 0.04047179596013268
 0.04047179596013268
 0.04047179596013268
 0.04047179596013268
 0.04047179596013268
 0.04047179596013268
 0.04047179596013268
 0.04047179596013268
 0.04047179596013268
 0.04047179596013268
 0.04047179596013268
 0.04047179596013268
 0.04047179596013268
 0.04047179596013268
 0.04047179596013268
 0.04047179596013268
 0.04047179596013268
 0.04047179596013268

# name: <cell-element>
# type: matrix
# rows: 151
# columns: 1
 0.601508237258096
 0.5424006981776421
 0.4805417570040063
 0.4286152895554801
 0.3873147368200925
 0.350542756143263
 0.3130487165315553
 0.277880538186483
 0.2435928261768509
 0.2124782934194119
 0.1849700124337306
 0.1618507727280797
 0.1427127961411984
 0.1255695900147525
 0.1101720084683212
 0.09589364935365036
 0.08264614739069789
 0.07062108297753027
 0.06112580456298717
 0.05380576417490718
 0.04791240624625184
 0.04568272926640952
 0.04485587742410946
 0.0439481240441961
 0.04316499862821524
 0.04213936872165563
 0.04092039252110422
 0.03956271596012903
 0.03820244179567497
 0.03704229157232335
 0.03595955382686233
 0.03563999208582023
 0.03536944217548451
 0.0352332746850671
 0.03520305584902227
 0.0354533664938337
 0.03584658113606986
 0.03624935671311814
 0.03664875073202449
 0.03703429010256413
 0.03739804913224262
 0.03779006021371721
 0.0381646789321682
 0.03850294366580499
 0.03880721008953408
 0.03908281825054204
 0.03932014495161057
 0.0395220328641013
 0.03969196326445622
 0.03983374080702383
 0.0399555339815681
 0.04007848740595696
 0.04017908553770051
 0.0402606599541824
 0.04032760324601819
 0.04038678394823727
 0.04043483572372485
 0.04047361508391366
 0.04050468721131398
 0.04052934669209301
 0.04054864749586554
 0.04056343807588149
 0.04057439817239206
 0.04058207463381398
 0.04058332401626067
 0.04057431234243591
 0.04056431467935406
 0.04054979270497728
 0.04053517767583228
 0.04052302995531129
 0.04051100386374878
 0.04050404642326617
 0.04049633006536529
 0.04048774686956295
 0.04047945795775131
 0.04047161959246309
 0.04046538186774899
 0.04046012705656
 0.04045584664642557
 0.04045251604699902
 0.04045009647038115
 0.0404485367877791
 0.04044777538046897
 0.04044774199371714
 0.04044835959276274
 0.04044954621082993
 0.04045121677194168
 0.04045328486551261
 0.04045566444601765
 0.04045827142968041
 0.04046102516036731
 0.04046384971911982
 0.04046667505544603
 0.04046943792317409
 0.04047208260911907
 0.04047456144901514
 0.04047683513077017
 0.04047887279123756
 0.04048065191771777
 0.04048215807031549
 0.04048338444489786
 0.04048433129959108
 0.04048500526937868
 0.04048541859505377
 0.04048558829243951
 0.04048553528752031
 0.04048528354175938
 0.04048485918994973
 0.04048428971070103
 0.04048360314660181
 0.04048282738868349
 0.04048198953630017
 0.04048198953630017
 0.04048198953630017
 0.04048198953630017
 0.04048198953630017
 0.04048198953630017
 0.04048198953630017
 0.04048198953630017
 0.04048198953630017
 0.04048198953630017
 0.04048198953630017
 0.04048198953630017
 0.04048198953630017
 0.04048198953630017
 0.04048198953630017
 0.04048198953630017
 0.04048198953630017
 0.04048198953630017
 0.04048198953630017
 0.04048198953630017
 0.04048198953630017
 0.04048198953630017
 0.04048198953630017
 0.04048198953630017
 0.04048198953630017
 0.04048198953630017
 0.04048198953630017
 0.04048198953630017
 0.04048198953630017
 0.04048198953630017
 0.04048198953630017
 0.04048198953630017
 0.04048198953630017
 0.04048198953630017
 0.04048198953630017
 0.04048198953630017
 0.04048198953630017
 0.04048198953630017
 0.04048198953630017
 0.04048198953630017

