# Created by Octave 3.0.5, Tue Dec 01 15:22:25 2009 CET <bruno@midjy>
# name: pol_500ech_fp_vpi
# type: cell
# rows: 1
# columns: 9
# name: <cell-element>
# type: matrix
# rows: 151
# columns: 1
 1.16700793432254
 4.797471054517023
 5.346811901135681
 3.484923886117132
 0.1041745992607671
 0.02647830786011563
 0.01588698471606904
 0.005295661572023297
 0
 0
 0
 0
 0
 0
 0
 0
 0.2774493327679997
 2.774493424825183
 2.774493524202573
 2.774493526434778
 2.774493526434778
 2.774493528666981
 2.774493528666981
 2.774493528666981
 2.774493533131389
 2.774493533131389
 2.774493594163547
 2.774493596395751
 3.050517134344726
 3.050517134344726
 3.05051713657693
 3.05051713657693
 3.05051713657693
 3.05051713657693
 3.05051713657693
 3.050517134522224
 3.050517134522224
 3.050517134522224
 3.050517075043893
 3.050517072811689
 3.050517072811689
 3.050517072811689
 3.050517072811689
 3.050517072811689
 3.050517075043893
 3.050517075043893
 3.050517071343565
 3.050517071343565
 3.050517071343565
 3.050517069344014
 3.050517069344014
 3.050517036088237
 3.050517036088237
 3.050517036088237
 2.774493529303695
 2.774493511788505
 2.774493507642453
 2.774493503496402
 2.774493524839286
 2.774493527071491
 2.774493527071491
 2.774493507642453
 2.774493507642453
 2.774493507642453
 2.774493566442408
 2.774493566442408
 2.774493503263748
 2.774493483834711
 2.774493483834711
 2.774493483834711
 2.77449346631952
 2.774493470465572
 2.513513017244084
 2.513513017244084
 2.513513017244084
 2.513513017244084
 2.502339779754856
 2.502339779754856
 2.502339779754856
 2.502339779754856
 2.774493468466022
 2.774493450950832
 2.774493450950832
 2.774493450950832
 2.774493297750833
 2.774493472612074
 2.774493472612074
 2.774493533644231
 2.774493533644231
 2.774493533644231
 2.774493553073269
 2.774494480146274
 3.050517031864016
 3.050517031635707
 3.050517031635707
 3.050517012206669
 3.050517014850593
 3.050517014850593
 3.050517014850593
 2.801388030556223
 2.771233522775078
 2.771233542204115
 2.771233542204115
 2.682316677322768
 2.682316677322768
 2.338649945140656
 2.247884401292973
 2.247884401292973
 2.236063706137325
 2.236063706137325
 2.224890468648097
 2.224890468648097
 2.219594807076074
 2.497044139844073
 2.774493453183036
 2.774493299983039
 2.774493474844277
 2.774493474844277
 2.774493535876436
 2.774493535876436
 2.774493535876436
 2.774493535876436
 2.774493535876436
 2.774493472697777
 2.774493472925737
 2.774493472925737
 2.774493472925737
 2.774493472925737
 2.525333714631936
 2.525333714631936
 2.525333714631936
 2.525333714631936
 2.525333714631936
 2.513513019476288
 2.513513019476288
 2.513513019476288
 2.50233978198706
 2.50233978198706
 2.50233978198706
 2.497044120415036
 2.497044120415036
 2.774493299983038
 2.774493299983038
 2.774493299983038
 2.497044203108437
 2.497044203108437
 2.497045130181441
 2.497045130181441
 2.497045130181441
 2.773067682107968
 2.773067682082594

# name: <cell-element>
# type: matrix
# rows: 151
# columns: 1
 1.16700793432254
 3.432658464255448
 5.255513599392232
 1.487447244768614
 0.05412044441059521
 0.01588698471606904
 0.01059132314404659
 0
 0
 0
 0
 0
 0
 0
 0
 1.942145368234073
 2.774493524202573
 2.774493526434778
 2.774493526434778
 2.774493528666981
 2.774493528666981
 2.774493528666981
 2.774493533131389
 2.774493533131389
 2.774493596395751
 3.050517073312568
 3.05051713657693
 3.05051713657693
 3.05051713657693
 3.05051713657693
 3.05051713657693
 3.05051713657693
 3.050517134522224
 3.050517134522224
 3.050517134522224
 3.050517073575769
 3.050517075043893
 3.050517075043893
 3.050517075043893
 3.050517075043893
 3.050517071343565
 3.050517071343565
 3.050517071343565
 3.050517071343565
 3.050517069344014
 3.050517069344014
 3.050517036088237
 3.050517036088237
 2.774493529303695
 2.774493525157644
 2.774493507642453
 2.774493507642453
 2.774493527071491
 2.774493531217542
 2.774493531217542
 2.774493507642453
 2.774493505410249
 2.774493505410249
 2.774493505410249
 2.774493505410249
 2.774493503263748
 2.774493483834711
 2.774493470465572
 2.774493470465572
 2.774493470465572
 2.774493470465572
 2.774493470465572
 2.774493468466022
 2.774493468466022
 2.774493468466022
 2.774493468466022
 2.774493468466022
 2.774493468466022
 2.774493450950832
 2.774493450950832
 2.774493450950832
 2.774493297750833
 2.774493472612074
 2.774493472612074
 2.774493492041112
 2.774493553073269
 2.774493553073269
 2.774493553073269
 2.774493553073269
 2.774493553073269
 2.774493472697777
 3.050517014438874
 2.773067681670874
 2.773067681670874
 2.773067681670874
 2.773067681670874
 2.773067681670874
 2.773067701099911
 2.773067701099911
 2.773067701099911
 2.773067701099911
 2.773067701099911
 2.773067697399583
 2.773067697399583
 2.773067697399583
 2.773067664143806
 3.050516996911806
 3.050516996911806
 2.774493453183036
 2.774493453183036
 2.774493299983039
 2.774493474844277
 2.774493474844277
 2.774493535876436
 2.774493535876436
 2.774493535876436
 2.774493472697777
 2.774493472697777
 2.774493472925737
 2.525333714631936
 2.525333714631936
 2.525333714631936
 2.525333714631936
 2.525333714631936
 2.525333714631936
 2.513513019476288
 2.513513019476288
 2.513513019476288
 2.50233978198706
 2.50233978198706
 2.497044120415036
 2.497044120415036
 2.774493453183036
 2.774493299983038
 2.497043967215038
 2.497044203108437
 2.497044203108437
 2.497045130181441
 2.497045130181441
 2.773067681899183
 2.773067682107968
 2.773067682082594
 2.773067682082594
 2.801388030985676
 2.801388030985676
 2.801388030985676
 3.072690995936015
 2.959765993413889
 3.051555000036748
 3.051555000036748
 2.905246035523755
 2.905246035523755
 2.549144976036565
 2.537229999528201
 2.537229999528201
 2.525333714631936

