# Created by Octave 3.0.5, Wed Dec 02 02:07:08 2009 CET <bruno@midjy>
# name: pol_100ech_br_vpi
# type: cell
# rows: 1
# columns: 9
# name: <cell-element>
# type: matrix
# rows: 151
# columns: 1
 0.7508836059503116
 0.9974815963417797
 0.7224764322045623
 0.6690024866427623
 0.2499291157596079
 0.1379662614073061
 0.04517718884215765
 0.02387158506814569
 0.0134330715323858
 0.006716535766192919
 0.006716535766192919
 0.006716535766192919
 0.00335826788309646
 0.01043851353575993
 0.01043851353575993
 0.0179473358909155
 0.02130560377401192
 0.1120041944714641
 0.1663266220593697
 0.3259361305535935
 0.3292943987452203
 0.3836470862833643
 0.4247817044113577
 0.4844610722710881
 0.4844610725580618
 0.4933045099783397
 0.4933045990979554
 0.4933045040098838
 0.3964882142504552
 0.3964882142504552
 0.345523453369566
 0.3030857965199436
 0.3098023322861364
 0.2734266396803271
 0.21847309255473
 0.1712303100095475
 0.1131853037845253
 0.1131853037845253
 0.1131853037845253
 0.1064687680183324
 0.09560167778008039
 0.09895994566317685
 0.09895994566317685
 0.09187970001051343
 0.0989599456631769
 0.0989599456631769
 0.0989599456631769
 0.103110500135236
 0.103110500135236
 0.103110500135236
 0.09975223225213958
 0.1540752604132019
 0.1540752604132019
 0.1507169925301054
 0.1507169925301054
 0.1507169925301054
 0.1432081701749498
 0.1432081701749498
 0.08888514201388756
 0.08180489636122408
 0.08180489636122408
 0.0750883605950312
 0.0750883605950312
 0.1327696566391899
 0.1361279222471735
 0.1361279222471735
 0.1361279055953705
 0.1361279305863177
 0.1361279305863177
 0.1361280197059334
 0.1877232041610346
 0.1877232041573881
 0.1877232041642488
 0.1925393537330314
 0.1958976216161278
 0.202977867275862
 0.1988889915479969
 0.2310788350931205
 0.2277205672100241
 0.2214395477505598
 0.2214395477505598
 0.1583380018938945
 0.1507169928612819
 0.1432081705061263
 0.1465664383892228
 0.09560167778008036
 0.09224340989698393
 0.09224340989698393
 0.08516316424432051
 0.08516316424432051
 0.08516316424432051
 0.08852143212741696
 0.1394861929070433
 0.1394861929070433
 0.1394861929070433
 0.1394861929070433
 0.1361279250239468
 0.1361279250239468
 0.1361279250239468
 0.1361279250239468
 0.1361279250239468
 0.1361279250239468
 0.1361279250239468
 0.1361279250239468
 0.1361279250239468
 0.1361279250239468
 0.1327696571408504
 0.1327696571408504
 0.1327696571408504
 0.1327696571408504
 0.1327696569335829
 0.07844662847812765
 0.07844662847812765
 0.07844662847812763
 0.07844662847812763
 0.07844662847812763
 0.07844662847812763
 0.07844662847812763
 0.07844662847812763
 0.08180489636122405
 0.08516316424432047
 0.08516316424432047
 0.09224340989698389
 0.1361279248534629
 0.1361279248534629
 0.1361279248534629
 0.1361279248534629
 0.1361279248534629
 0.1361279248534629
 0.1327696569703665
 0.1327696569703665
 0.1327696569703665
 0.08888514201388747
 0.1432081701749497
 0.1432081701749497
 0.1432081701749497
 0.1465664380580462
 0.1465664380580462
 0.1394861924053828
 0.1394861924053828
 0.1394861924053828
 0.13948619013027
 0.08852143212741696
 0.08852143212741696
 0.08516316424432055
 0.08516316424432055
 0.08516316424432055
 0.08516316424432055
 0.08516316424432055
 0.08516316424432055
 0.08516316424432055

# name: <cell-element>
# type: matrix
# rows: 151
# columns: 1
 0.7508836059503116
 0.8144207507645169
 0.701123618959438
 0.3984953964664019
 0.2240258760262239
 0.05933768014748454
 0.02722985295124216
 0.01007480364928938
 0.006716535766192919
 0.006716535766192919
 0.00335826788309646
 0.00335826788309646
 0.00335826788309646
 0.00335826788309646
 0.00335826788309646
 0.01379678141885635
 0.1224428354658681
 0.2352394472633728
 0.3326545743440786
 0.3326539788228079
 0.437940463894012
 0.4685109799642435
 0.476376983810587
 0.476376983810587
 0.4844610666224254
 0.4301380382212761
 0.3248502496809851
 0.331566785447178
 0.2894454620878296
 0.2894454620878296
 0.2014744902395196
 0.2014744902395196
 0.1471514617472808
 0.1589812285172442
 0.1080164679448854
 0.104658200061789
 0.09895994566317681
 0.09895994566317685
 0.09895994566317685
 0.09187970001051343
 0.0989599456631769
 0.0989599456631769
 0.103110500135236
 0.103110500135236
 0.103110500135236
 0.103110500135236
 0.1574335282962983
 0.1574335282962983
 0.1574335282962983
 0.1540752604132019
 0.1507169925301054
 0.08888514201388756
 0.08888514201388756
 0.08180489636122408
 0.08180489636122408
 0.08180489636122408
 0.07844662847812763
 0.1361279245222863
 0.1327696543640771
 0.1361279222471735
 0.1361279055953705
 0.1361279305863177
 0.1361280197059334
 0.1361280197059334
 0.1877232041610346
 0.1910814720473452
 0.1981617177000086
 0.2029778672687912
 0.2468623822323409
 0.2427735065044759
 0.2277205672100241
 0.2277205671405633
 0.2214395477505598
 0.1583380018938945
 0.1507169928612819
 0.1432081705061263
 0.1432081705061263
 0.09224340989698389
 0.08888514201388747
 0.08888514201388747
 0.09224340989698393
 0.09224340989698393
 0.08516316424432051
 0.13948619013027
 0.1394861929070433
 0.1394861929070433
 0.1394861929070433
 0.1361279250239468
 0.1361279250239468
 0.1361279250239468
 0.1361279250239468
 0.1361279250239468
 0.1361279250239468
 0.1361279250239468
 0.1361279250239468
 0.1361279250239468
 0.1361279248166793
 0.1327696569335829
 0.1327696569335829
 0.1327696569335829
 0.08180489636122408
 0.08180489636122408
 0.08180489636122408
 0.08516316424432051
 0.08516316424432051
 0.08180489636122405
 0.08180489636122405
 0.08516316424432047
 0.08516316424432047
 0.08516316424432047
 0.09560167778008032
 0.09560167778008032
 0.1394861927365593
 0.1394861927365593
 0.1904509533089182
 0.1904509533089182
 0.1870926854258217
 0.1870926854258217
 0.1870926854258217
 0.1870926854258217
 0.1870926854258217
 0.1432081704693427
 0.1432081704693427
 0.1432081704693427
 0.1432081704693427
 0.1432081704693427
 0.1361279245222863
 0.1361279245222863
 0.1394861924053828
 0.08852143212741696
 0.08852143212741696
 0.08516316424432055
 0.09224340989698401
 0.09224340989698401
 0.09224340989698401
 0.09975223225213958
 0.09975223225213958
 0.09975223225213958
 0.09975223225213958
 0.09975223225213958
 0.09975223225213958
 0.09975223225213958
 0.09224340989698401
 0.09224340989698401
 0.08888514201388756
 0.08180489636122408
 0.08180489636122408
 0.07844662847812763
 0.08180489636122405
 0.1361279245222863
 0.1361279222471735

