# Created by Octave 3.0.5, Wed Dec 02 02:07:08 2009 CET <bruno@midjy>
# name: pol_100ech_br_vk
# type: cell
# rows: 1
# columns: 9
# name: <cell-element>
# type: matrix
# rows: 151
# columns: 1
 1.194264867211606
 1.140339223914996
 1.081788836439125
 1.026803206118673
 0.9814833305851794
 0.9400014200286618
 0.9374291457245295
 0.9796161134801542
 1.038114714123021
 1.117886966186619
 1.223674193236366
 1.360474717739402
 1.530768430655668
 1.735534548145136
 1.973772971816351
 2.244102795048721
 2.543168708073665
 2.875544244806181
 3.239619125920326
 3.641700495591381
 4.083593212389254
 4.577105047158263
 5.138697553559618
 5.777986002652012
 6.514433332446851
 7.359376084077209
 8.332381250712306
 9.436557232959904
 10.68015740105748
 12.07443360216916
 13.65067933314215
 15.42365275890996
 17.41365935556702
 19.65025278468876
 22.16320554808266
 24.98293039251428
 28.14372210576748
 31.68365365299134
 35.64541718732335
 40.07656654190226
 45.02990840138673
 50.56267315665399
 56.73922186040893
 63.62957707388303
 71.31169501893569
 79.87211952133832
 89.40666706619247
 100.0225378183682
 111.8396353875096
 124.9848572903987
 139.6019328333396
 155.8491603126781
 173.9026597469878
 193.9576574197678
 216.2296277928168
 240.9577986559878
 268.4183580152164
 298.8899684407958
 332.6949873812927
 370.1900479691502
 411.769750124845
 457.8706914564279
 508.9759005755509
 565.6203172965967
 628.3957448783757
 697.9560486262144
 775.0270414435946
 860.4106705394931
 954.9916764489866
 1059.747521201007
 1175.759964860529
 1304.225367613966
 1446.468656239312
 1603.952513252579
 1778.296628930015
 1971.291015395153
 2184.914867707206
 2421.356468289313
 2683.035895021204
 2972.628577405955
 3293.096865809729
 3647.718777323531
 4040.102764131861
 4474.248854053379
 4954.579655868107
 5485.984964507398
 6073.871837707396
 6724.218982291913
 7443.637250116056
 8239.435229935249
 9119.694668525224
 10093.35457812178
 11170.29204328559
 12361.42954122531
 13678.84256689458
 15135.88337757165
 16747.31488980722
 18529.45862841612
 20500.35943498664
 22679.96836348296
 25090.34338412516
 27755.87228239021
 30703.51768640042
 33963.08909311296
 37567.54332652659
 41553.31754485437
 45960.69728400742
 50834.21953456525
 56223.12433322432
 62181.85080740506
 68770.58616061092
 76055.87081560696
 84111.27065624733
 93018.11805936664
 102866.3316867889
 113755.3228155596
 125794.9985843606
 139106.8682780534
 153825.2643866404
 170098.7028704408
 188091.3773415489
 207984.8138446478
 229979.7002884762
 254297.9092051642
 281184.7332558935
 310911.3573025143
 343777.5916096267
 380114.8930311158
 420289.7052086174
 464707.1513312804
 513815.1166354897
 568108.7617925033
 628135.5129545808
 694500.5769638827
 767873.0414371941
 848992.6167529878
 938677.0891937464
 1037830.562387329
 1147452.56667646
 1268648.131221047
 1402638.919604653
 1550775.539451406
 1714551.15161875
 1895616.516055687
 2095796.625471125
 2317109.094624637
 2561784.490826165
 2832288.807689655
 3131348.315236804
 3461977.029638659
 3827507.082442336

# name: <cell-element>
# type: matrix
# rows: 151
# columns: 1
 1.194264867211606
 1.13554651068075
 1.070950358233351
 1.013796050492477
 0.964156988012009
 0.9162399717033695
 0.8658574088315873
 0.8142108042267675
 0.7643801878103863
 0.7675507922779545
 0.7909989678867804
 0.8410199854548858
 0.9227194905604027
 1.040928401672963
 1.200726144495729
 1.410462180865454
 1.684937511523126
 2.034846147250674
 2.477703719699814
 3.039751824840806
 3.749029043332832
 4.646926151163699
 5.780507196330334
 7.208187163739836
 9.007961810767116
 11.28599636591827
 14.15729047922392
 17.78153045482973
 22.35716151737344
 28.13560419259478
 35.4398012815989
 44.67860547778729
 56.36750928531437
 71.15865090455239
 89.94641842570908
 113.8360573987319
 144.2335282159683
 182.8492791119425
 231.8785383425193
 294.1254454171664
 373.1486944732144
 473.464837106064
 600.806020709413
 762.4490753516601
 967.6283703985836
 1228.060470762963
 1558.615516555931
 1978.166996255113
 2510.669623390051
 3186.526173046903
 4044.322914711137
 5133.04393826512
 6514.827312517285
 8268.554925233819
 10494.34163394762
 13319.25081584695
 16904.54880051761
 21454.90981730613
 27230.10110289019
 34559.81325554988
 43862.48512219789
 55669.18355407191
 70653.92257841528
 89672.14240378933
 113809.5434215024
 144444.0724157527
 183324.5788178294
 232670.6574517793
 295299.3565088526
 374785.9978559605
 475668.282591873
 603705.3383576451
 766206.494396137
 972448.562405697
 1234205.404433229
 1566420.089082874
 1988057.959205212
 2523189.313648697
 3202363.524300796
 4064353.026768264
 5158366.746292957
 6546859.315452057
 8309096.464096376
 10545680.1091883
 13384291.47453604
 16986980.10856815
 21559414.90953555
 27362625.27041877
 34727902.62260675
 44075713.0751176
 55939700.8212637
 70997152.60876222
 90107662.42775184
 114362203.678917
 145145410.2400964
 184214621.9111414
 233800206.7503076
 296732887.4614581
 376605340.5991826
 477977293.9002392
 606635830.2577345
 769925758.4729888
 977168910.8616447
 1240196304.414471
 1574023545.325218
 1997708034.10878
 2535436907.119037
 3217907822.444036
 4084081415.945586
 5183405470.982958
 6578637774.359468
 8349428808.599308
 10596868807.91418
 13449258758.42797
 17069434795.28436
 21664064129.00103
 27495443183.31606
 34896471472.05525
 44289656037.92876
 56211231371.28833
 71341771757.49004
 90545043638.66553
 114917315978.56
 145849943641.4668
 185108796521.0422
 234935068838.2659
 298173223571.0386
 378433376057.3953
 480297386864.7012
 609580429274.9749
 773662963649.9402
 981912070299.7577
 1246216193743.707
 1581663825636.54
 2007404870749.019
 2547743869329.836
 3233527485308.129
 4103905468720.699
 5208565621513.911
 6610570355577.276
 8389956775342.465
 10648305805069.88
 13514541201394.4
 17152289502919.48
 21769221078819.82
 27628905534617.56
 35065858271952.19
 44504637174572.93
 56484079604709.27
 71688063342174.52
 90984547534757.98

