# Created by Octave 3.0.5, Tue Dec 01 20:55:14 2009 CET <bruno@midjy>
# name: pol_100ech_fp_vk
# type: cell
# rows: 1
# columns: 9
# name: <cell-element>
# type: matrix
# rows: 151
# columns: 1
 1.194264867211606
 1.140339223914996
 1.081788836439125
 1.026803206118673
 0.9814833305851794
 0.9400014200286618
 0.9374291457245295
 0.9796161134801542
 1.038114714123021
 1.117886966186619
 1.223674193236366
 1.360474717739402
 1.530768430655668
 1.735534548145136
 1.973772971816351
 2.244102795048721
 2.543168708073665
 2.875544244806181
 3.239619125920326
 3.641700495591381
 4.083593212389254
 4.577105047158263
 5.138697553559618
 5.777986002652012
 6.514433332446851
 7.359376084077209
 8.332381250712306
 9.436557232959904
 10.68015740105748
 12.07443360216916
 13.65067933314215
 15.42365275890996
 17.41365935556702
 19.65025278468876
 22.16320554808266
 24.98293039251428
 28.14372210576748
 31.68365365299134
 35.64541718732335
 40.07656654190226
 45.02990840138673
 50.56267315665399
 56.73922186040893
 63.62957707388303
 71.31169501893569
 79.87211952133832
 89.40666706619247
 100.0225378183682
 111.8396353875096
 124.9848572903987
 139.6019328333396
 155.8491603126781
 173.9026597469878
 193.9576574197678
 216.2296277928168
 240.9577986559878
 268.4183580152164
 298.8899684407958
 332.6949873812927
 370.1900479691502
 411.769750124845
 457.8706914564279
 508.9759005755509
 565.6203172965967
 628.3957448783757
 697.9560486262144
 775.0270414435946
 860.4106705394931
 954.9916764489866
 1059.747521201007
 1175.759964860529
 1304.225367613966
 1446.468656239312
 1603.952513252579
 1778.296628930015
 1971.291015395153
 2184.914867707206
 2421.356468289313
 2683.035895021204
 2972.628577405955
 3293.096865809729
 3647.718777323531
 4040.102764131861
 4474.248854053379
 4954.579655868107
 5485.984964507398
 6073.871837707396
 6724.218982291913
 7443.637250116056
 8239.435229935249
 9119.694668525224
 10093.35457812178
 11170.29204328559
 12361.42954122531
 13678.84256689458
 15135.88337757165
 16747.31488980722
 18529.45862841612
 20500.35943498664
 22679.96836348296
 25090.34338412516
 27755.87228239021
 30703.51768640042
 33963.08909311296
 37567.54332652659
 41553.31754485437
 45960.69728400742
 50834.21953456525
 56223.12433322432
 62181.85080740506
 68770.58616061092
 76055.87081560696
 84111.27065624733
 93018.11805936664
 102866.3316867889
 113755.3228155596
 125794.9985843606
 139106.8682780534
 153825.2643866404
 170098.7028704408
 188091.3773415489
 207984.8138446478
 229979.7002884762
 254297.9092051642
 281184.7332558935
 310911.3573025143
 343777.5916096267
 380114.8930311158
 420289.7052086174
 464707.1513312804
 513815.1166354897
 568108.7617925033
 628135.5129545808
 694500.5769638827
 767873.0414371941
 848992.6167529878
 938677.0891937464
 1037830.562387329
 1147452.56667646
 1268648.131221047
 1402638.919604653
 1550775.539451406
 1714551.15161875
 1895616.516055687
 2095796.625471125
 2317109.094624637
 2561784.490826165
 2832288.807689655
 3131348.315236804
 3461977.029638659
 3827507.082442336

# name: <cell-element>
# type: matrix
# rows: 151
# columns: 1
 1.194264867211606
 1.13560375699151
 1.07093103725988
 1.013758846906861
 0.9643558847307823
 0.9237259506490673
 0.9660024178728541
 1.027015951331649
 1.113863385995672
 1.23207242321359
 1.388070561620224
 1.5851878846006
 1.823444081707704
 2.101344845735065
 2.414441017634139
 2.765125870906691
 3.15362587907797
 3.587146963865203
 4.071169352500065
 4.622865103316457
 5.263639223669273
 6.015116983866545
 6.892516895548002
 7.924897335814503
 9.115950482059459
 10.47688604767336
 12.0269654149235
 13.80379999152543
 15.82907592055143
 18.13698138103469
 20.76665740686879
 23.76140564416548
 27.16575935295947
 31.03146745880021
 35.41655995739598
 40.38676461932921
 46.0161338897264
 52.38664079790946
 59.58931808632253
 67.72629216643801
 76.91255786804109
 87.27700223853221
 98.96368163676493
 112.1388158622972
 126.9809535494108
 143.6916889992605
 162.4974240490843
 183.6524243027097
 207.4416887853668
 234.1842828834928
 264.241371658196
 298.0182389690314
 335.9513986152061
 378.5408611358055
 426.3465034513238
 479.9951514207802
 540.1886119530144
 607.7135316199624
 683.4498176942446
 768.3825916986551
 863.6177386692921
 970.3878651664428
 1090.07166050787
 1224.212475545111
 1374.538572787135
 1542.984037625226
 1731.713014183003
 1943.147056508396
 2179.99587929768
 2445.290725844148
 2742.423533469309
 3075.188966862507
 3447.838642101623
 3865.127032018818
 4332.362031459316
 4855.491312682134
 5441.168974489659
 6096.839743950216
 6830.833396364851
 7652.470089518224
 8572.175986998336
 9601.617368404286
 10753.84899180564
 12043.46975876845
 13486.81355326094
 15102.15551001905
 16909.94129445796
 18933.0438019001
 21197.05208487937
 23730.59312255921
 26565.69327072374
 29738.18152145563
 33288.13956335704
 37260.40799626044
 41705.15000424526
 46678.48500347082
 52243.19240138478
 58469.5046169905
 65435.99112746368
 73230.54801586377
 81951.50325441938
 91708.85642775212
 102625.6661550708
 114839.5912661827
 128504.6317354726
 143793.0653860797
 160897.6165701573
 180033.8833222296
 201443.0513255898
 225394.930369741
 252191.3511731422
 282169.9652193323
 315708.4955528349
 353229.4919388408
 395205.6503449911
 442165.7668867124
 494701.385040226
 553474.2515202021
 619224.6438268244
 692780.6891103021
 775068.7886767574
 867125.2793127446
 970109.4796093005
 1085318.28215051
 1214202.480525051
 1358385.028516883
 1519681.472385356
 1700122.803340421
 1901981.022910978
 2127797.741862289
 2380416.172702786
 2663016.91941598
 2979158.013149523
 3332819.695215416
 3728454.519329398
 4171043.398275136
 4666158.299675753
 5220032.381822096
 5839638.45018353
 6532776.730166315
 7308173.049261141
 8175588.647856202
 9145943.073540214
 10231451.61578659
 11445779.06022014
 12804211.68778853
 14323849.68292301
 16023822.37360011
 17925529.01604537
 20052908.135246
 22432738.84467338

