# Created by Octave 3.0.1, Mon Nov 02 14:17:20 2009 CET <christophe@midjy>
# name: all_mean_deltas_fp_vpi
# type: cell
# rows: 1
# columns: 9
# name: <cell-element>
# type: matrix
# rows: 31
# columns: 1
0  2.339884232772334
1  2.369935585181845
2  1.367668342986227
3  1.222781984422245
4  0.5695741753484179
5  0.4363008450764534
6  0.2319930625975379
7  0.08640507346692751
8  0.04681469590060802
9  0.0187258783602432
10  0.0187258783602432
11  0.0187258783602432
12  0.0187258783602432
13  0.03852106714340296
14  0.02915812796328135
15  0.02915812796328135
16  0.05980101625751053
17  0.05980101625751053
18  0.08200983290179167
19  0.08200983290179167
20  0.09137277208191327
21  0.1241508159400313
22  0.1241508159400313
23  0.1491527839839635
24  0.2717612460898283
25  0.3186069686833438
26  0.3186069686833438
27  0.3186069686833438
28  0.3279699078634654
29  0.2355777911771589
30  0.2355777911771589


# name: <cell-element>
# type: matrix
# rows: 31
# columns: 1
0  2.339884232772334
1  1.811533955060031
2  1.301055565840727
3  1.006043288247745
4  0.4565443197867722
5  0.2496758787152436
6  0.1170479617611567
7  0.04681469590060802
8  0.03745175672048641
9  0.0187258783602432
10  0.0187258783602432
11  0.03852106714340296
12  0.02915812796328135
13  0.02915812796328135
14  0.05043807707738893
15  0.05980101625751053
16  0.08200983290179167
17  0.08200983290179167
18  0.08200983290179167
19  0.1241508159400313
20  0.1241508159400313
21  0.1491527839839635
22  0.2717612460898283
23  0.3186069686833438
24  0.3186069686833438
25  0.3186069686833438
26  0.2262148519970372
27  0.2355777911771589
28  0.2262148519970372
29  0.2262148519970372
30  0.2262148519970372


# name: <cell-element>
# type: matrix
# rows: 31
# columns: 1
0  2.339884232772334
1  1.224787318509258
2  1.155810195319951
3  0.4388043962838953
4  0.193471995454135
5  0.06660988468376776
6  0.03745175672048641
7  0.0187258783602432
8  0.0187258783602432
9  0.03852106714340296
10  0.02915812796328135
11  0.05980101625751053
12  0.05980101625751053
13  0.08200983290179167
14  0.1147878767599097
15  0.1241508159400313
16  0.1491527839839635
17  0.1491527839839635
18  0.3186069686833438
19  0.3186069686833438
20  0.2262148519970372
21  0.2262148519970372
22  0.2262148519970372
23  0.2262148519970372
24  0.2564393869081249
25  0.2470764477280033
26  0.2631465512405148
27  0.2433513624573552
28  0.2527143016374768
29  0.2527143016374768
30  0.2527143016374768


# name: <cell-element>
# type: matrix
# rows: 31
# columns: 1
0  2.339884232772334
1  1.250580569418173
2  0.4273545136792508
3  0.1841090562740134
4  0.03745175672048641
5  0.03745175672048641
6  0.05724694550364616
7  0.03852106714340296
8  0.05980101625751053
9  0.08200983290179167
10  0.1147878767599097
11  0.1491527839839635
12  0.1491527839839635
13  0.1762033177943193
14  0.195998506577479
15  0.2262148519970372
16  0.2262148519970372
17  0.2168519128169156
18  0.2470764477280033
19  0.2433513624573552
20  0.2433513624573552
21  0.2527143016374768
22  0.2527143016374768
23  0.2527143016374768
24  0.2527143016374768
25  0.2433513624573552
26  0.2433513624573552
27  0.2433513624573552
28  0.2433513624573552
29  0.2433513624573552
30  0.2433513624573552


# name: <cell-element>
# type: matrix
# rows: 31
# columns: 1
0  2.339884232772334
1  1.158248632583295
2  0.1530149581506952
3  0.05617763508072961
4  0.07852689461775374
5  0.1007357112620349
6  0.1335137551201529
7  0.1491527839839635
8  0.1762033177943193
9  0.1970567240337559
10  0.2272812589448436
11  0.2433513624573552
12  0.2433513624573552
13  0.2433513624573552
14  0.2433513624573552
15  0.2433513624573552
16  0.2433513624573552
17  0.2433513624573552
18  0.2433513624573552
19  0.2433513624573552
20  0.2433513624573552
21  0.2433513624573552
22  0.2433513624573552
23  0.2433513624573552
24  0.2433513624573552
25  0.2433513624573552
26  0.2433513624573552
27  0.2433513624573552
28  0.2433513624573552
29  0.2433513624573552
30  0.2433513624573552


# name: <cell-element>
# type: matrix
# rows: 31
# columns: 1
0  2.339884232772334
1  1.029823922328677
2  0.4542932200830625
3  0.328687125501366
4  0.1855662569744408
5  0.08788983379787525
6  0.279283251847132
7  0.269920311695604
8  0.2610556533776527
9  0.243351362457355
10  0.157477439434076
11  0.05980101625751044
12  0.2699203126670104
13  0.269920311695604
14  0.243351362457355
15  0.243351362457355
16  0.157477439434076
17  0.05980101625751044
18  0.2699203126670104
19  0.269920311695604
20  0.243351362457355
21  0.243351362457355
22  0.157477439434076
23  0.05980101625751044
24  0.2699203126670104
25  0.269920311695604
26  0.243351362457355
27  0.243351362457355
28  0.157477439434076
29  0.05980101625751044
30  0.2699203126670104


# name: <cell-element>
# type: matrix
# rows: 31
# columns: 1
0  2.339884232772334
1  1.112218655626194
2  0.5404562335059281
3  0.2334502632979653
4  0.2687944183527484
5  0.1304269056237203
6  0.243351362457355
7  0.157477439434076
8  0.243351362457355
9  0.1304269056237203
10  0.243351362457355
11  0.157477439434076
12  0.243351362457355
13  0.1304269056237203
14  0.243351362457355
15  0.157477439434076
16  0.243351362457355
17  0.1304269056237203
18  0.243351362457355
19  0.157477439434076
20  0.243351362457355
21  0.1304269056237203
22  0.243351362457355
23  0.157477439434076
24  0.243351362457355
25  0.1304269056237203
26  0.243351362457355
27  0.157477439434076
28  0.243351362457355
29  0.1304269056237203
30  0.243351362457355


# name: <cell-element>
# type: matrix
# rows: 31
# columns: 1
0  2.339884232772334
1  1.31884179967741
2  0.6028113205173029
3  0.4168146184681477
4  0.3347241345392683
5  0.1491527839839635
6  0.2527143016374767
7  0.157477439434076
8  0.243351362457355
9  0.1304269056237203
10  0.243351362457355
11  0.157477439434076
12  0.243351362457355
13  0.1304269056237203
14  0.243351362457355
15  0.157477439434076
16  0.243351362457355
17  0.1304269056237203
18  0.243351362457355
19  0.157477439434076
20  0.243351362457355
21  0.1304269056237203
22  0.243351362457355
23  0.157477439434076
24  0.243351362457355
25  0.1304269056237203
26  0.243351362457355
27  0.157477439434076
28  0.243351362457355
29  0.1304269056237203
30  0.243351362457355


# name: <cell-element>
# type: matrix
# rows: 31
# columns: 1
0  2.339884232772334
1  1.574959850407421
2  1.547384279416444
3  0.9707946752076293
4  0.6331189641964222
5  0.5296761447174843
6  0.5245536367636255
7  0.2691784666975531
8  0.461269682222077
9  0.2785414058776748
10  0.461269682222077
11  0.2785414058776748
12  0.461269682222077
13  0.2785414058776748
14  0.461269682222077
15  0.2785414058776748
16  0.461269682222077
17  0.2785414058776748
18  0.461269682222077
19  0.2785414058776748
20  0.461269682222077
21  0.2785414058776748
22  0.461269682222077
23  0.2785414058776748
24  0.461269682222077
25  0.2785414058776748
26  0.461269682222077
27  0.2785414058776748
28  0.461269682222077
29  0.2785414058776748
30  0.461269682222077

