# Created by Octave 3.0.1, Mon Nov 02 14:01:26 2009 CET <christophe@midjy>
# name: all_mean_deltas_fp_vk
# type: cell
# rows: 1
# columns: 9
# name: <cell-element>
# type: matrix
# rows: 31
# columns: 1
0  3.00754118629048
1  2.73791296980743
2  2.461100765107161
3  2.204441159302942
4  2.094538467703351
5  2.163053246808758
6  2.270643682963312
7  2.426860943573358
8  2.629298588050177
9  2.890377960512872
10  3.216570735977532
11  3.613333222321899
12  4.082287170149057
13  4.635086436274111
14  5.251608297709217
15  5.91916321727214
16  6.611356697238194
17  7.320855231432423
18  8.048409439589044
19  8.806148022056131
20  9.590645533924867
21  10.39158343525236
22  11.2255998517845
23  12.1224015089385
24  13.0997043450843
25  14.19188718142036
26  15.43969384078607
27  16.84642387683903
28  18.4402615957716
29  20.24727321096135
30  22.27143970756885


# name: <cell-element>
# type: matrix
# rows: 31
# columns: 1
0  3.00754118629048
1  2.715661795999796
2  2.412747717942367
3  2.148916514364629
4  2.115498795809271
5  2.21892519555446
6  2.381082147834943
7  2.596447934069219
8  2.882734776007563
9  3.248981861242542
10  3.70049323458955
11  4.238626582843701
12  4.871856690261836
13  5.577545952324077
14  6.329831004904554
15  7.103859478686774
16  7.894741145860507
17  8.714037742360912
18  9.573054465013964
19  10.4558758736352
20  11.39239191628547
21  12.42465988345132
22  13.57491042981856
23  14.90711622450623
24  16.43422778016538
25  18.19567741839139
26  20.22243724162903
27  22.52093959188302
28  25.09010068553946
29  27.93134808958773
30  31.03774438257191


# name: <cell-element>
# type: matrix
# rows: 31
# columns: 1
0  3.00754118629048
1  2.644662366444011
2  2.25543125197566
3  2.070122702446468
4  2.202316349838884
5  2.427241957253882
6  2.757706539134711
7  3.214624851052797
8  3.803265979815866
9  4.516872426116445
10  5.360273152364755
11  6.260879203675857
12  7.200317814520314
13  8.145703770529138
14  9.159472721096288
15  10.25386035152872
16  11.49223597905964
17  12.94157038187321
18  14.72166358534647
19  16.86210871498586
20  19.44220849244069
21  22.49594902084512
22  26.01972682514978
23  30.01106925503008
24  34.44330664512104
25  39.37787838290382
26  44.83809601547872
27  50.84919478905268
28  57.45576538068982
29  64.6892936769362
30  72.58440075317277


# name: <cell-element>
# type: matrix
# rows: 31
# columns: 1
0  3.00754118629048
1  2.559032057376576
2  2.072191458719511
3  2.186780192626308
4  2.554450104750478
5  3.158379923459638
6  3.985426207169058
7  5.007528949902006
8  6.10712094915049
9  7.246248609205971
10  8.471846985989853
11  9.975312611711926
12  11.92398649254538
13  14.61254375362625
14  18.12424270167266
15  22.69391662564529
16  28.26617289809611
17  34.82171821593945
18  42.21571246641053
19  50.78798439571726
20  60.55618446362567
21  71.63021747394426
22  84.11758634499876
23  98.13602726088173
24  113.8208051783142
25  131.3279158790173
26  150.8250972873683
27  172.4924895881086
28  196.53716558103
29  223.1932298002758
30  252.7109254450428


# name: <cell-element>
# type: matrix
# rows: 31
# columns: 1
0  3.00754118629048
1  2.446120501216851
2  2.379512746449208
3  3.794888759876696
4  5.500518513209497
5  7.415380146129043
6  9.841381983222762
7  14.37643823707839
8  22.53918090408285
9  34.80343291740003
10  50.34795077061306
11  69.66633940931742
12  93.4980588879841
13  122.4847051507348
14  157.4302506449648
15  199.2972439974402
16  249.2422826026998
17  308.649036520068
18  379.1450111909028
19  462.6620441437129
20  561.4815324915215
21  678.2925765846198
22  816.2661947649083
23  979.1386440635273
24  1171.311379877067
25  1397.96542216056
26  1665.206063156397
27  1980.220342492506
28  2351.472594002514
29  2788.929688525511
30  3304.328066352614


# name: <cell-element>
# type: matrix
# rows: 31
# columns: 1
0  3.00754118629048
1  2.384917625424093
2  2.391683253093606
3  1.241500938566013
4  0.7274953625434277
5  1.142876581961377
6  16.3997658900954
7  4.196725205041916
8  1.357839831499608
9  0.7148642354720391
10  0.5157184226451238
11  0.9543287607834784
12  14.62189585077883
13  3.765763138726807
14  1.246395368217753
15  0.6956676497630371
16  0.512709978816785
17  0.967983199420768
18  14.70866529398148
19  3.784762456289881
20  1.249973761547627
21  0.6961762034612823
22  0.5132772852059323
23  0.9676614546716737
24  14.69464083831437
25  3.781822735555141
26  1.249308811242317
27  0.6958768776119901
28  0.5129723014154117
29  0.967611339794513
30  14.69664255593874


# name: <cell-element>
# type: matrix
# rows: 31
# columns: 1
0  3.00754118629048
1  2.322137489211162
2  1.473973294282216
3  0.701884040624816
4  0.6565155152498955
5  0.4898833506408546
6  0.7658479675849459
7  0.4987815433548032
8  0.5676782210944621
9  0.4697491409519239
10  0.7298058348688444
11  0.4930841424914781
12  0.5678325957446173
13  0.4701508982894873
14  0.7301399571959609
15  0.4931694580686311
16  0.5677715821978768
17  0.4700672630446026
18  0.730095207367195
19  0.493139650600835
20  0.5677606646378641
21  0.4700661874581623
22  0.7300947006103825
23  0.4931394101023256
24  0.5677605506418365
25  0.4700661334646339
26  0.7300946750432079
27  0.4931393979905966
28  0.5677605449047813
29  0.4700661307471889
30  0.7300946737561097


# name: <cell-element>
# type: matrix
# rows: 31
# columns: 1
0  3.00754118629048
1  2.240568572355897
2  3.604287678331273
3  1.33421246125989
4  0.7860117536409464
5  0.5536532003153724
6  0.7254496721785626
7  0.4935299238302493
8  0.5679917448303019
9  0.4702641249347561
10  0.6916997536201913
11  0.4782508624623677
12  0.5669042876387846
13  0.469735480633546
14  0.6913450777477779
15  0.4781253553590454
16  0.5668794467548517
17  0.4697332745787414
18  0.6913450528431377
19  0.4781253476307449
20  0.5668794443563806
21  0.4697332738343665
22  0.6913450526121169
23  0.4781253475590458
24  0.5668794443341308
25  0.4697332738274623
26  0.6913450526099681
27  0.4781253475583839
28  0.5668794443339246
29  0.4697332738273978
30  0.6913450526099492


# name: <cell-element>
# type: matrix
# rows: 31
# columns: 1
0  3.00754118629048
1  2.083294374393573
2  24.54246466929813
3  2.110341212523547
4  1.752601589067853
5  1.467991125993313
6  1.232442806310022
7  0.8369470077371882
8  1.044849912747183
9  0.6523693421680334
10  1.040269520582497
11  0.6523693421680334
12  1.040269520582497
13  0.6523693421680334
14  1.040269520582497
15  0.6523693421680334
16  1.040269520582497
17  0.6523693421680334
18  1.040269520582497
19  0.6523693421680334
20  1.040269520582497
21  0.6523693421680334
22  1.040269520582497
23  0.6523693421680334
24  1.040269520582497
25  0.6523693421680334
26  1.040269520582497
27  0.6523693421680334
28  1.040269520582497
29  0.6523693421680334
30  1.040269520582497

