# Created by Octave 3.0.5, Thu Dec 03 04:13:30 2009 CET <scherrer@pcbruno>
# name: pol_200ech_br_vk
# type: cell
# rows: 1
# columns: 9
# name: <cell-element>
# type: matrix
# rows: 151
# columns: 1
 5.935147923671208
 5.881888192947458
 5.821277605653377
 5.763767062879412
 5.712834149005128
 5.664806118929647
 5.610322113765301
 5.552530474680428
 5.490984377085153
 5.42744204593102
 5.364882446504199
 5.306865654839849
 5.254136950036784
 5.204241611550957
 5.154911639989918
 5.103278201279483
 5.051071699434149
 4.996560146159837
 4.940878992175999
 4.88484627759421
 4.829135166150418
 4.774180580892151
 4.719801585935482
 4.666459207160615
 4.615079529414138
 4.567200421850568
 4.520570977234504
 4.475589502342504
 4.432700556863026
 4.391543325889538
 4.352348936037358
 4.314139754540518
 4.276801066309559
 4.239859481168225
 4.203151610685138
 4.166579828751027
 4.130063648976727
 4.093536865198875
 4.058648041646795
 4.024836960872976
 3.991191499756805
 3.957197026071528
 3.924007332200787
 3.891101771382594
 3.857659146169663
 3.830052863961518
 3.802311312088642
 3.774178569356573
 3.746339972743695
 3.720865619322303
 3.695103359162787
 3.669089346338485
 3.644219395211851
 3.619674873208413
 3.594652602003247
 3.569195929644202
 3.544074059229493
 3.516740642282016
 3.491434304498827
 3.466433519079097
 3.439942128562151
 3.411909413409835
 3.382022909354808
 3.351444184143732
 3.320825868682387
 3.28847995176965
 3.253601466603054
 3.220171579846084
 3.187135497949371
 3.155887010665518
 3.127454379502874
 3.107193743819514
 3.08824894011598
 3.068216652062127
 3.047354564201808
 3.026821944216101
 3.005197324680624
 2.983971706175935
 2.963733826686098
 2.942536181291027
 2.920158635660961
 2.897674892717831
 2.87613885268833
 2.854610673145023
 2.835005376313746
 2.815235317778758
 2.79428872757557
 2.771228300809798
 2.747403526671668
 2.72210506471115
 2.696488567624511
 2.669291828157514
 2.641873060749334
 2.615084397953335
 2.586718838622013
 2.568085544345096
 2.585292689299489
 2.603648138712482
 2.625165714871745
 2.646332583647735
 2.666227187619209
 2.684238216106077
 2.69978158345587
 2.711802690737864
 2.720832363650461
 2.726398761914569
 2.728849375672545
 2.727708621762932
 2.723129191165718
 2.715508096973805
 2.704965492141602
 2.691830756452951
 2.678358527006813
 2.662869552748611
 2.646855554559428
 2.630024267212318
 2.612351489207899
 2.593997092242827
 2.57727313046292
 2.562752176220246
 2.54914417613583
 2.536792241416076
 2.52746395091812
 2.519364154555857
 2.512062282756454
 2.505761643219373
 2.49991675207995
 2.494104053107603
 2.487458043673111
 2.479227328208672
 2.470273931324286
 2.45967798235276
 2.448685083975238
 2.439396458670002
 2.433042446269426
 2.428143520643629
 2.422504939926431
 2.417432128059607
 2.412997615257042
 2.407886735303087
 2.400069014744592
 2.389155426438131
 2.37683519656471
 2.36295662214777
 2.348890621105941
 2.334605789449911
 2.322120454536279
 2.312071828358721
 2.304269240385671
 2.297938888738639
 2.291589987314275

# name: <cell-element>
# type: matrix
# rows: 151
# columns: 1
 5.935147923671208
 5.876195373414813
 5.807807930117254
 5.747358145957471
 5.690124327281588
 5.634164895442599
 5.570382727259311
 5.503125495131401
 5.432837206553493
 5.363600679107512
 5.29943088628907
 5.241785316231259
 5.186386770025517
 5.131393737732004
 5.074161319147671
 5.015945089105861
 4.956250382620957
 4.896743159132383
 4.836643705464274
 4.776472647989145
 4.71726420452334
 4.660741898310871
 4.608215039635196
 4.55683223966338
 4.50718102808778
 4.459508796045918
 4.413179045198483
 4.369665471132993
 4.327624182371178
 4.286329359583017
 4.245225131357066
 4.20420542698131
 4.162899970309644
 4.121211632407886
 4.079166494363924
 4.03857383263608
 3.998627785993722
 3.959493148708998
 3.921523095129434
 3.884214450018689
 3.847920371237773
 3.816681740084759
 3.785275587776257
 3.755766319376437
 3.725462924308732
 3.696854572427557
 3.669342880640384
 3.642009383887344
 3.613612462068712
 3.585506424538118
 3.55693765750688
 3.52724852577829
 3.494977477101196
 3.46653302666559
 3.43662826703943
 3.405031273052633
 3.371264460491254
 3.335494342597249
 3.298588214911702
 3.262744905534181
 3.226254138997414
 3.188303336523476
 3.15221212991596
 3.121626220774352
 3.097584410117979
 3.075733824441252
 3.056369083092739
 3.038225340739245
 3.018059452960113
 2.997927096727669
 2.976520724201894
 2.954444614993642
 2.930939558652965
 2.907960466625513
 2.885185354411584
 2.862847054695498
 2.842667232029469
 2.821330881316159
 2.798590571697957
 2.773900555654056
 2.746613099946029
 2.718545072004578
 2.689033486854745
 2.657469400934168
 2.62668375553572
 2.599879614406331
 2.572946696039611
 2.567179681830907
 2.594630059669517
 2.623449502416165
 2.652372816125128
 2.680966430277146
 2.707906207753314
 2.730169297095409
 2.746782949929881
 2.755926305345257
 2.758454657657061
 2.755805319631492
 2.746846522770437
 2.734478371689552
 2.720910761378843
 2.703379563750702
 2.684487975555762
 2.662951935506722
 2.638911536929958
 2.621147665333853
 2.610709957626959
 2.606461486260544
 2.607879462926948
 2.616200147404151
 2.629341498631833
 2.645197922330922
 2.66266283143585
 2.67929967474607
 2.694776466949658
 2.70760594708752
 2.71644849623118
 2.723093800873449
 2.72594122219255
 2.723456700419979
 2.713976710917246
 2.699955922152904
 2.681860047132935
 2.663663631447471
 2.644290287876549
 2.624044197517192
 2.60265988366351
 2.58245378153177
 2.561402162119669
 2.539498492756977
 2.51727998989893
 2.494122164681057
 2.471246401671364
 2.449975435178455
 2.436993050065144
 2.426148159868123
 2.417501335608624
 2.409224499575473
 2.400372319277311
 2.390006782846579
 2.37894846558545
 2.366435130677141
 2.358180182912082
 2.356235267524709
 2.366042996566176
 2.375600010650954
 2.390291797588441
 2.408797220242228
 2.424392249773981
 2.435999709017115
 2.443817389974647

