# Created by Octave 3.0.5, Thu Dec 03 15:38:02 2009 CET <scherrer@pcbruno>
# name: pol_200ech_br_vpi
# type: cell
# rows: 1
# columns: 9
# name: <cell-element>
# type: matrix
# rows: 151
# columns: 1
 0.7508836059503116
 0.9366089703337867
 0.7812746818669575
 0.5246902429184542
 0.1344204247782212
 0.04774317013629127
 0.01343307153238577
 0.01343307153238577
 0.006716535766192883
 0
 0
 0
 0
 0
 0.003358267883096424
 0.003358267883096424
 0.006716535766192848
 0.006716535766192848
 0.1663273503997008
 0.2783316749134522
 0.4345842275118033
 0.4345842339762322
 0.4379425020524587
 0.4379425076148295
 0.4379425077160924
 0.4379424962503831
 0.4379424962503831
 0.4379424962503831
 0.4379424960476013
 0.4379424957532084
 0.3397349521198693
 0.3397349521198693
 0.2921284592233393
 0.2411636986509805
 0.2340834530351007
 0.2340834530306148
 0.2340834530306148
 0.1901989354904926
 0.1392341748813501
 0.1392341748813501
 0.1797604219179491
 0.07447263575403379
 0.07447263575403379
 0.07447263545964082
 0.02014960729857858
 0.01679133941548215
 0.01679133941548219
 0.01007480364928934
 0.01007480364928934
 0.01007480364928934
 0.01007480364928934
 0.01715504930195281
 0.0714780774630151
 0.07147807777154547
 0.07147807777154547
 0.07819461353773835
 0.07819461322920798
 0.07111436757654452
 0.01679133941548223
 0.01679133941548223
 0.01343307153238577
 0.01343307153238577
 0.01007480364928931
 0.01007480364928931
 0.006716535766192883
 0.003358267883096424
 0.01007480364928927
 0.0610395642216481
 0.0610395642216481
 0.06103956442891561
 0.06811981008157902
 0.1120043307709128
 0.1120043305777827
 0.1120043305777827
 0.1153625927280244
 0.1153625927325102
 0.1153625924239799
 0.1153625924239799
 0.1669578694483063
 0.1669578694483063
 0.1703161373314027
 0.224639165786858
 0.224639165786858
 0.1366681938816095
 0.1366681938816095
 0.08570343587875641
 0.08570343587875641
 0.08570343587875641
 0.0781946135236008
 0.02722985295124197
 0.02722985295124197
 0.02014960729857854
 0.02014960729857854
 0.01679133941548212
 0.01679133941548212
 0.0134330715323857
 0.01007480364928927
 0.01343307153238573
 0.01007480364928931
 0.006716535766192883
 0.006716535766192883
 0.01007480364928931
 0.01715504930195278
 0.01715504930195278
 0.01715504930195278
 0.02051331718504924
 0.02051331718504924
 0.02051331718504924
 0.01343307153238577
 0.01343307153238577
 0.01343307153238577
 0.01343307153238577
 0.01343307153238577
 0.01007480364928931
 0.01007480364928931
 0.01007480364928931
 0.006716535766192848
 0.06103956165214234
 0.06103956165214234
 0.06103956165214234
 0.06103956165214234
 0.06811980730480577
 0.1120043222612848
 0.1120043279941395
 0.1120043279941395
 0.1153625901443812
 0.1153625901488671
 0.06439783214601401
 0.06439783214601401
 0.06439783214601401
 0.1159931114454533
 0.1669578720178121
 0.1669578720178121
 0.1153625927183728
 0.07898690011256355
 0.07898690011256355
 0.07898690011256355
 0.07898690011256355
 0.07147807775740794
 0.02051331718504912
 0.02051331718504912
 0.0134330715323857
 0.0134330715323857
 0.0134330715323857
 0.01007480364928927
 0.01007480364928927
 0.01007480364928927
 0.01007480364928927
 0.01343307153238573
 0.01007480364928931
 0.01007480364928931

# name: <cell-element>
# type: matrix
# rows: 151
# columns: 1
 0.7508836059503116
 0.6727430532365737
 0.7147871856755218
 0.3339411803679977
 0.06941248379677373
 0.02722985295124204
 0.01343307153238577
 0.006716535766192883
 0
 0
 0
 0
 0
 0
 0.003358267883096424
 0.006716535766192848
 0.06103956423578551
 0.2783316746049218
 0.4345842275118033
 0.4345842282207313
 0.4379425021537216
 0.4379425077160924
 0.4379425077160924
 0.4379424962503831
 0.4379424960431155
 0.4379424960431155
 0.4379424960476013
 0.343093220311496
 0.2887701915475104
 0.237805430767884
 0.2411636986509805
 0.2340834529938312
 0.2340834507187184
 0.190198935453709
 0.1392341748813501
 0.1392341748813501
 0.08118917122583368
 0.02350787518167497
 0.02350787518167497
 0.02014960729857854
 0.02014960729857858
 0.01343307153238573
 0.01343307153238577
 0.01007480364928934
 0.01007480364928934
 0.01007480364928934
 0.01007480364928934
 0.0714780774630151
 0.07147807777154547
 0.07147807777154547
 0.07483634565464194
 0.06775610000197846
 0.06775609969344808
 0.06439783181035162
 0.01007480364928934
 0.01007480364928934
 0.006716535766192883
 0.006716535766192883
 0.006716535766192883
 0.05432302845545525
 0.1153625923827104
 0.1153625925899779
 0.06103956442891561
 0.06103956442891561
 0.06811981008157902
 0.1153625986540092
 0.1153625986540092
 0.1153625901443812
 0.1187208580319635
 0.1187208580319635
 0.1187208580319635
 0.1187208580319635
 0.1187208580319635
 0.1187208580319635
 0.1187208606014693
 0.08234516799565998
 0.08234516799565998
 0.08234516799565998
 0.08234516799565998
 0.07483634564050437
 0.07483634564050437
 0.07483634564050437
 0.01679133941548212
 0.01679133941548212
 0.0134330715323857
 0.01007480364928927
 0.01007480364928927
 0.01007480364928927
 0.01007480364928931
 0.006716535766192883
 0.006716535766192883
 0.006716535766192883
 0.006716535766192883
 0.01379678141885635
 0.01379678141885635
 0.01379678141885635
 0.006716535766192883
 0.01007480364928934
 0.01007480364928934
 0.01007480364928934
 0.01007480364928934
 0.01007480364928934
 0.006716535766192883
 0.05768129376904595
 0.05432302588594949
 0.05432302588594949
 0.06103956165214234
 0.06103956165214234
 0.06103956165214234
 0.01007480364928927
 0.01715504930195269
 0.06103956425843171
 0.06103956999128645
 0.06439783214152814
 0.06775610002911044
 0.06775610002911044
 0.06775610002911044
 0.06775610002911044
 0.06775610002911044
 0.06775610002911044
 0.1187208606014693
 0.08234516799565998
 0.08234516799565998
 0.08234516799565998
 0.07483634564050437
 0.07483634564050437
 0.07483634564050437
 0.01679133941548212
 0.01679133941548212
 0.01679133941548212
 0.0134330715323857
 0.0134330715323857
 0.01007480364928927
 0.01343307153238573
 0.01007480364928931
 0.006716535766192883
 0.006716535766192883
 0.006716535766192883
 0.006716535766192883
 0.01379678141885635
 0.01379678141885635
 0.01379678141885635
 0.006716535766192883
 0.06103956165214242
 0.01007480364928934
 0.01007480364928934
 0.01007480364928934
 0.006716535766192883
 0.006716535766192883
 0.003358267883096424
 0.003358267883096424

