# Created by Octave 3.0.5, Thu Dec 03 04:13:30 2009 CET <scherrer@pcbruno>
# name: pol_200ech_br_vpi
# type: cell
# rows: 1
# columns: 9
# name: <cell-element>
# type: matrix
# rows: 151
# columns: 1
 1.16700793432254
 4.664558781180671
 5.166637714627974
 2.841631701753917
 0.1889778385902254
 0.06412985320945627
 0.02118264628809148
 0.01588698471606818
 0
 0
 0
 0
 0
 0
 0.005295661572022444
 0.01059132314404489
 0.8376435261050594
 2.497043921660351
 2.774493530899185
 2.774493530899185
 2.774493598627956
 2.774493661892318
 2.774493661892318
 3.050517138809135
 3.050517138809135
 3.050517140683064
 3.050517140683064
 3.05051713845086
 3.050517136076052
 3.050517136076052
 3.050517136076052
 3.050517136487771
 3.050517136487771
 3.05051713234172
 3.078837541847506
 3.078837602879664
 3.354861143060843
 3.354861141006136
 3.354861080059682
 3.063726059578718
 3.348714474477562
 3.348714472478012
 3.348714437793481
 3.324706332356608
 3.052552875392788
 3.0525528256709
 3.082707330601275
 3.082707330601275
 3.05438691866761
 3.054386940328851
 3.054386623947368
 3.054386623947368
 2.502339707273164
 2.502339705273613
 2.502338363278021
 2.50233993724892
 2.502339856783031
 2.502339856783031
 2.25318003531057
 2.253180056971811
 2.265076341782373
 2.265076341782373
 2.265076341782373
 2.00402035739226
 2.004020379053501
 2.004020315874841
 2.004020318107045
 1.980378927795749
 1.980378927795749
 1.969205688074317
 1.708225234852829
 1.963910024502744
 1.963910026649245
 1.969205670706077
 2.241359186469852
 2.241357848620312
 2.230184615277136
 2.230172953088866
 2.230187177125238
 2.22489153944666
 2.500914091373186
 2.776937568290002
 3.054386787249352
 3.054386787249352
 3.082707137980559
 3.082707373693374
 3.082707373693374
 3.082707310520015
 3.076561870426193
 2.966814889770251
 3.055425878306707
 3.200769298384774
 2.685504213482248
 2.328330770577924
 2.094664264005969
 2.094664266238173
 2.122984610995204
 2.081009408027511
 2.081009408027511
 1.980271850344122
 1.969098612854894
 1.621681429675437
 1.616385768103414
 1.514600468186106
 1.792049800954106
 1.767653107967888
 1.755832408666188
 1.750536921955406
 2.029313274356335
 2.029313276355885
 2.024017695245059
 2.024017695245059
 2.316960281967109
 2.316960281967109
 2.316960303628351
 2.316960305627902
 2.334447054337695
 2.334446125346151
 2.3344461233466
 2.341591317366275
 2.617614794283091
 2.617614855315249
 2.617614855341205
 2.380351379863006
 2.380351383563335
 2.380351381331132
 2.380351381331132
 2.368455096434866
 2.200445176353591
 1.843271733449267
 1.843271733449267
 1.831451038293619
 1.81963032562278
 1.808457088133552
 1.808457107562589
 1.791988208501339
 2.069437541269338
 2.064141726497319
 2.064141726497319
 2.069437562930579
 2.341591141958716
 2.341589802109627
 2.341589802109627
 2.617615781716316
 2.617615781716316
 2.617615781716316
 2.618925955345152
 2.893638316285687
 2.893638335714724
 2.893638335760531
 2.893638337992735

# name: <cell-element>
# type: matrix
# rows: 151
# columns: 1
 1.16700793432254
 3.331054844931628
 4.305980926918209
 1.471258731680135
 0.109470260832789
 0.02118264628809148
 0.02118264628809148
 0.005295661572023297
 0
 0
 0
 0
 0
 0.005295661572022444
 0.5601941933370602
 2.224890075603134
 2.774493509237944
 2.774493530899185
 2.77449360086016
 2.774493661892318
 2.774493661892318
 3.050517138809135
 3.050517140683064
 3.05051713845086
 3.05051713845086
 3.050517136076052
 3.05051719710821
 3.05051719710821
 3.050517197519929
 3.050517193373878
 3.050517130195219
 3.078837602965367
 3.078837602965367
 3.078837605197571
 3.09388056571424
 3.093880563659533
 3.063725881017149
 3.063725884717477
 2.780399125649463
 2.810553694181037
 2.810553633148879
 3.082707269569117
 3.082707269569117
 3.05438691866761
 3.054386901152419
 3.054386621947817
 3.054386621947817
 2.502339642094955
 2.502339640323364
 2.502339858701571
 2.50233991973373
 2.50233985655507
 2.502339839267841
 2.253180119832114
 2.253180137261601
 2.004020320253546
 2.004020320253546
 2.004020320253546
 2.004020320253546
 1.992199686130057
 1.980378990974409
 1.980378925649249
 2.230186139381959
 2.230186135150205
 2.224890477724233
 2.224890457976838
 1.969205666327372
 2.241359203985042
 2.241357866135502
 2.230184628646275
 2.230187172979186
 2.230187172979186
 2.50752084350054
 2.776937527199723
 3.054386859942349
 3.054386704733449
 3.082707076720093
 3.08270714003218
 3.082707375925578
 3.052552868110143
 3.07656100853609
 2.966814954953152
 2.756736891585248
 2.052307228510812
 2.040486533355164
 2.316510075280019
 2.316510075280019
 2.316510075280019
 2.305336837790791
 2.303502674337224
 1.912360502296985
 1.928829381843495
 1.77874721466397
 1.77874721466397
 1.494697239056987
 1.494697474950385
 1.482876779794737
 1.755030470505456
 1.743857215501037
 2.004838593795981
 1.999541942200255
 2.288966688511164
 2.28896655697241
 2.288966714318458
 2.301466969234367
 2.064203556843033
 2.064203556843033
 2.064203639536434
 2.079697818331285
 2.079696826308031
 2.343824082924904
 2.343824082924904
 2.361309843382583
 1.836202194348419
 1.843347325189435
 1.832174087700206
 1.820277802803941
 2.092431473999918
 2.092431473999918
 2.080610798505961
 2.080610798505961
 2.069437622048891
 2.064141960476868
 2.340165437393684
 2.345461098840087
 2.345461098840087
 2.836630137857572
 2.836628800008032
 2.836630356647497
 2.836631283720502
 2.617615783813572
 2.615781628970464
 2.891804181295545
 2.529702468884716
 2.392266301365107
 2.392266301410913
 2.408671734791983
 2.408671671613324
 2.378517163845614
 2.390629080359878
 2.265883382561137
 2.357672392706707
 2.20019018687442
 2.20019018687442
 1.928783609146926
 1.844089064208573
 1.843347321190333
 1.831451040440119
 1.831451038207915
 2.095653715487266
 2.084480477998038

