# Created by Octave 3.0.5, Thu Dec 03 15:38:02 2009 CET <scherrer@pcbruno>
# name: pol_200ech_br_vk
# type: cell
# rows: 1
# columns: 9
# name: <cell-element>
# type: matrix
# rows: 151
# columns: 1
 1.194264867211606
 1.141005136487859
 1.082863461702748
 1.028281988689177
 0.9833184412850902
 0.9424386999269982
 0.8981460088910448
 0.8528867557308525
 0.8064625944212466
 0.7600867595594832
 0.7160088228571529
 0.6759224348619213
 0.6405208648142927
 0.6087438637610117
 0.5792486430288493
 0.5500108193373056
 0.5213144110178241
 0.4954083030204811
 0.470016692946717
 0.449639113343681
 0.4328221060920645
 0.4201250700154929
 0.4112116445256784
 0.4037221425118946
 0.3968637743966155
 0.3905367118561755
 0.384249135260473
 0.3781159043080136
 0.3719915458054943
 0.3657647380525642
 0.3592606174361434
 0.35233746399653
 0.3474333045808159
 0.3423585253314225
 0.3365332182290022
 0.3300350608915547
 0.3255372592717544
 0.3212459230413993
 0.3173094765771553
 0.3152060218579014
 0.3128666720107181
 0.3102236300073399
 0.3073107707496327
 0.3042269331654804
 0.3009672666142054
 0.2974830072752419
 0.2937627589221437
 0.2897641529234061
 0.2854072810367741
 0.2806204688560503
 0.2753399945678576
 0.2714451410241123
 0.2686018069777903
 0.2656872822276322
 0.2623296272275147
 0.2590114387876166
 0.2552536034369086
 0.2511658026810704
 0.2470360738401647
 0.2476343061269048
 0.2544914502615623
 0.2616090866634272
 0.2681514819421708
 0.2738276406342379
 0.2788159588005626
 0.2827238607027891
 0.2852773479962096
 0.2863341560070932
 0.2858526475447915
 0.2852904253896502
 0.2841206255475294
 0.2831133394998006
 0.2811115892792876
 0.2789310340038856
 0.2767500220265934
 0.2739511720167923
 0.2706049699248979
 0.2671069829419961
 0.2635924128739649
 0.2597670228690897
 0.2561256534450927
 0.2524491069568889
 0.2490239269703519
 0.2456238029935394
 0.2422626354188513
 0.2394944825073047
 0.2372955343152642
 0.2350256444297141
 0.2349762045196438
 0.2358672534460405
 0.2375339882176374
 0.2390894226773544
 0.2405289582480218
 0.2425010626203135
 0.2443259598959355
 0.2457718400629412
 0.2467634337099496
 0.2472175941619069
 0.2470406682963384
 0.2461275579359055
 0.24439787875809
 0.2417903703528537
 0.2396556262185906
 0.2385925819126598
 0.2369367546331702
 0.2348448368365843
 0.2323153046450742
 0.2292163429675258
 0.2280464691777616
 0.2330017941932627
 0.2385725613190571
 0.2456500220148963
 0.2524951351020603
 0.2588372792371881
 0.2644831610983753
 0.2692498834468297
 0.2729583855807915
 0.2754025776744818
 0.2763472087903193
 0.2758814441093055
 0.275477229414836
 0.2747579673198803
 0.2743007888123026
 0.2729192188017074
 0.2715345390778091
 0.2701293884821536
 0.2681407032825066
 0.2656043724425252
 0.2628936799979961
 0.2600244955483322
 0.2567261309347539
 0.2534656629524821
 0.2500123312047829
 0.246629803483334
 0.2438538541989507
 0.2410643131543824
 0.2382180105273741
 0.2350519137910921
 0.2331225960978971
 0.2332490238350507
 0.23476365381006
 0.2362562930005528
 0.2376065011197308
 0.2387807506558481
 0.2397858352383075
 0.2405937397404671
 0.2411283730880921
 0.2413361732852675
 0.2411776853395904
 0.2405817416824568
 0.2393767063192698

# name: <cell-element>
# type: matrix
# rows: 151
# columns: 1
 1.194264867211606
 1.135546092886752
 1.070552483986142
 1.013915490818657
 0.964147473291794
 0.917858205455125
 0.8673777378322783
 0.8164487250411727
 0.7651070125596999
 0.7161487804999705
 0.6718365316206695
 0.6332720056287072
 0.5989444744000704
 0.5667807661802594
 0.5347784990202864
 0.5053037567675043
 0.4783272437295225
 0.4558354425534274
 0.43929024411415
 0.4275772331771682
 0.4173038462017001
 0.4088947629164196
 0.4013940187888851
 0.3942802397603853
 0.3869262260505014
 0.3795627325014685
 0.3720386780914076
 0.3642761389968286
 0.3559053364469981
 0.3489162188931063
 0.3414005379809174
 0.3332061817667373
 0.3246229200976511
 0.318585983286553
 0.3132223134524521
 0.3091514697720326
 0.3054944265825497
 0.30191435116639
 0.2978055171508434
 0.2937373101398693
 0.289617307958769
 0.2854055171232263
 0.2810566271331261
 0.2765056918700273
 0.2717203118242214
 0.2665432225840334
 0.261941534007774
 0.2591090368325738
 0.2563025086830062
 0.253830652818902
 0.2519003231072921
 0.2495124549938769
 0.2472505601905423
 0.2446389554885867
 0.2511571330890198
 0.2591061964476693
 0.2663504421822739
 0.2725245664964012
 0.2773960134346127
 0.2811355667827666
 0.2833044210363852
 0.2835881591554767
 0.282032488889517
 0.2812401747051506
 0.2794533959514731
 0.2774017883504168
 0.2745432164279907
 0.2719480682617417
 0.2686799754904715
 0.2648560173095801
 0.2609765826224273
 0.2570052207099682
 0.2527459593243902
 0.248873766081096
 0.2448696441844819
 0.241318764148097
 0.239051310039761
 0.2363966793653597
 0.2334104569761494
 0.2323712703821502
 0.2323745217165598
 0.2339163788894407
 0.2354898406471058
 0.236775575923222
 0.237867689911475
 0.2387295617570406
 0.2392471360583748
 0.2393387507813061
 0.2389215916330348
 0.2378752808905252
 0.2360988118010751
 0.2335744030869268
 0.2318812661571957
 0.2314964781687904
 0.2310181640426791
 0.2303425210244199
 0.2291634741571497
 0.2275250763285612
 0.2308798851341216
 0.2373446908194833
 0.2441387735928428
 0.2517520968835183
 0.2586727286495785
 0.2645748985234641
 0.2692492310621334
 0.2725128798550011
 0.2741826203524824
 0.2742031569115373
 0.2733642027009571
 0.2727172413083714
 0.2717438047726802
 0.2699549499411381
 0.2679093800982916
 0.2657104423080652
 0.2628157047558282
 0.2593149653681244
 0.2558460753432784
 0.2519781303441487
 0.2478588814074342
 0.2438317910781679
 0.2397299768728093
 0.2356148992468585
 0.23169792549343
 0.2291984019951429
 0.2271126828666745
 0.2274664420310782
 0.2283638118766732
 0.2301818131231322
 0.2317944839076448
 0.2332759605018136
 0.2346222601317038
 0.2357575403856171
 0.2365864241605436
 0.2370195713287888
 0.2369505913686987
 0.2362464105805572
 0.2347922618914576
 0.2325795840432115
 0.2330313021935825
 0.2336044761419807
 0.233767318766525
 0.2335102782467798
 0.2326085463561567
 0.2323199631554608
 0.2391886030512104
 0.2458240013211926
 0.2535364509137208
 0.2606725785151233
 0.266826412826995
 0.271774442075671
 0.2752855479314877

