# Created by Octave 3.0.5, Wed Dec 02 07:14:08 2009 CET <scherrer@pcbruno>
# name: pol_200ech_fp_vpi
# type: cell
# rows: 1
# columns: 9
# name: <cell-element>
# type: matrix
# rows: 151
# columns: 1
 1.16700793432254
 4.664558781180671
 5.166637714627974
 2.841631701753917
 0.1889778385902254
 0.06412985320945627
 0.02118264628809148
 0.01588698471606818
 0
 0
 0
 0
 0
 0
 0.005295661572022444
 0.01059132314404489
 0.8376435261050594
 2.497043921660351
 2.774493530899185
 2.774493530899185
 2.774493598627956
 2.774493661892318
 2.774493661892318
 3.050517138809135
 3.050517138809135
 3.050517140683064
 3.050517140683064
 3.05051713845086
 3.050517136076052
 3.050517136076052
 3.050517136076052
 3.050517136487771
 3.050517136487771
 3.05051713234172
 3.078837541847506
 3.078837602879664
 3.354861143060843
 3.354861141006136
 3.354861080059682
 3.063726059578718
 3.348714474477562
 3.348714472478012
 3.348714437793481
 3.324706332356608
 3.052552875392788
 3.0525528256709
 3.082707330601275
 3.082707330601275
 3.05438691866761
 3.054386940328851
 3.054386623947368
 3.054386623947368
 2.502339707273164
 2.502339705273613
 2.502338363278021
 2.50233993724892
 2.502339856783031
 2.502339856783031
 2.25318003531057
 2.253180056971811
 2.265076341782373
 2.265076341782373
 2.265076341782373
 2.00402035739226
 2.004020379053501
 2.004020315874841
 2.004020318107045
 1.980378927795749
 1.980378927795749
 1.969205688074317
 1.708225234852829
 1.963910024502744
 1.963910026649245
 1.969205670706077
 2.241359186469852
 2.241357848620312
 2.230184615277136
 2.230172953088866
 2.230187177125238
 2.22489153944666
 2.500914091373186
 2.776937568290002
 3.054386787249352
 3.054386787249352
 3.082707137980559
 3.082707373693374
 3.082707373693374
 3.082707310520015
 3.076561870426193
 2.966814889770251
 3.055425878306707
 3.200769298384774
 2.685504213482248
 2.328330770577924
 2.094664264005969
 2.094664266238173
 2.122984610995204
 2.081009408027511
 2.081009408027511
 1.980271850344122
 1.969098612854894
 1.621681429675437
 1.616385768103414
 1.514600468186106
 1.792049800954106
 1.767653107967888
 1.755832408666188
 1.750536921955406
 2.029313274356335
 2.029313276355885
 2.024017695245059
 2.024017695245059
 2.316960281967109
 2.316960281967109
 2.316960303628351
 2.316960305627902
 2.334447054337695
 2.334446125346151
 2.3344461233466
 2.341591317366275
 2.617614794283091
 2.617614855315249
 2.617614855341205
 2.380351379863006
 2.380351383563335
 2.380351381331132
 2.380351381331132
 2.368455096434866
 2.200445176353591
 1.843271733449267
 1.843271733449267
 1.831451038293619
 1.81963032562278
 1.808457088133552
 1.808457107562589
 1.791988208501339
 2.069437541269338
 2.064141726497319
 2.064141726497319
 2.069437562930579
 2.341591141958716
 2.341589802109627
 2.341589802109627
 2.617615781716316
 2.617615781716316
 2.617615781716316
 2.618925955345152
 2.893638316285687
 2.893638335714724
 2.893638335760531
 2.893638337992735

# name: <cell-element>
# type: matrix
# rows: 151
# columns: 1
 1.16700793432254
 3.006305261882626
 4.563161140482631
 1.203764524944557
 0.109470260832789
 0.02647830786011392
 0.01588698471606818
 0.01059132314404574
 0
 0
 0
 0
 0
 0.005295661572022444
 0.5601941933370602
 2.219594414031111
 2.774493509237944
 2.774493530899185
 2.774493598627956
 2.774493661892318
 2.774493661892318
 3.050517138809135
 3.050517140683064
 3.050517140683064
 3.05051713845086
 3.05051719925471
 3.050517136076052
 3.050517136076052
 3.050517136487771
 3.050517136487771
 3.05051713234172
 3.078837480815348
 3.078837666144026
 3.354861145293047
 3.354861080059682
 3.354861016881023
 3.35486084372056
 3.354860839856024
 3.354860839856024
 3.354860839856024
 3.082707382892204
 3.082707330601275
 3.082707265868788
 3.05438691866761
 3.054386938096648
 2.7783630859066
 2.50233986047316
 2.502339707273164
 2.502339703274062
 2.502339875988801
 2.502339876216761
 2.502339856783031
 2.502339856783031
 2.253180117918268
 2.253180137579958
 2.253180056886107
 2.253180054653903
 2.004020296360101
 2.004020376821297
 2.004020313642637
 1.992199618486989
 1.980378925563545
 1.969205688074317
 1.963910026502294
 1.963910024502744
 1.963910028648796
 1.969205672705628
 2.241359188702056
 2.23018463502453
 2.23018463502453
 2.230187135840473
 2.224891517785418
 2.500914069711945
 2.776937544396556
 3.05438672398499
 3.054386726217194
 3.082707076767818
 3.082707312661216
 3.082707312661216
 3.076561872344733
 2.96681489168879
 3.055425880225247
 2.924745758378458
 2.685504215400787
 2.328330772496464
 2.328330774728668
 2.328330770582616
 2.148500218334225
 2.314675916119453
 1.930156423051964
 1.917656168162009
 1.779549567725394
 1.762278492610461
 2.027831540482195
 2.027831387282196
 2.016010687980496
 2.016010862841736
 2.004837623120304
 2.004837686384666
 1.999542026812195
 2.288966773123104
 2.288966619923108
 2.2889677198578
 2.610353498040169
 2.776529259277227
 2.43720341194182
 2.690790417042749
 2.405315505481764
 2.079696761129822
 2.355720302642959
 2.355720304875163
 2.355720302642959
 2.205196269376682
 1.836126541576093
 1.843271735595768
 1.843271735595768
 1.831451040440119
 1.831451040440119
 1.808457090280053
 1.808457090280053
 2.069437543415839
 2.069437543415839
 2.06414172864382
 2.06943756507708
 2.069437626109239
 2.560606682870222
 2.836628821937498
 2.836630397554366
 2.836631324627372
 2.836631324399064
 2.617615785634059
 2.893638337972302
 2.893638337946928
 2.893638337992734
 2.891804179083774
 2.920124527941049
 2.558022815603319
 2.414440280646646
 2.414440280646646
 2.393304288149124
 2.381389311640759
 2.235080345529905
 2.223184060633639
 1.855262305990801
 1.843347329482437
 1.832174091993209
 1.820277807096943
 1.808457111941295
 1.808457111941295
 2.069437563163233
 2.069437563163233

