# Created by Octave 3.0.5, Wed Dec 02 23:22:03 2009 CET <scherrer@pcbruno>
# name: pol_200ech_fp_vk
# type: cell
# rows: 1
# columns: 9
# name: <cell-element>
# type: matrix
# rows: 151
# columns: 1
 1.194264867211606
 1.141005136487859
 1.082863461702748
 1.028281988689177
 0.9833184412850902
 0.9424386999269982
 0.8981460088910448
 0.8528867557308525
 0.8064625944212466
 0.7600867595594832
 0.7160088228571529
 0.6759224348619213
 0.6405208648142927
 0.6087438637610117
 0.5792486430288493
 0.5500108193373056
 0.5213144110178241
 0.4954083030204811
 0.470016692946717
 0.449639113343681
 0.4328221060920645
 0.4201250700154929
 0.4112116445256784
 0.4037221425118946
 0.3968637743966155
 0.3905367118561755
 0.384249135260473
 0.3781159043080136
 0.3719915458054943
 0.3657647380525642
 0.3592606174361434
 0.35233746399653
 0.3474333045808159
 0.3423585253314225
 0.3365332182290022
 0.3300350608915547
 0.3255372592717544
 0.3212459230413993
 0.3173094765771553
 0.3152060218579014
 0.3128666720107181
 0.3102236300073399
 0.3073107707496327
 0.3042269331654804
 0.3009672666142054
 0.2974830072752419
 0.2937627589221437
 0.2897641529234061
 0.2854072810367741
 0.2806204688560503
 0.2753399945678576
 0.2714451410241123
 0.2686018069777903
 0.2656872822276322
 0.2623296272275147
 0.2590114387876166
 0.2552536034369086
 0.2511658026810704
 0.2470360738401647
 0.2476343061269048
 0.2544914502615623
 0.2616090866634272
 0.2681514819421708
 0.2738276406342379
 0.2788159588005626
 0.2827238607027891
 0.2852773479962096
 0.2863341560070932
 0.2858526475447915
 0.2852904253896502
 0.2841206255475294
 0.2831133394998006
 0.2811115892792876
 0.2789310340038856
 0.2767500220265934
 0.2739511720167923
 0.2706049699248979
 0.2671069829419961
 0.2635924128739649
 0.2597670228690897
 0.2561256534450927
 0.2524491069568889
 0.2490239269703519
 0.2456238029935394
 0.2422626354188513
 0.2394944825073047
 0.2372955343152642
 0.2350256444297141
 0.2349762045196438
 0.2358672534460405
 0.2375339882176374
 0.2390894226773544
 0.2405289582480218
 0.2425010626203135
 0.2443259598959355
 0.2457718400629412
 0.2467634337099496
 0.2472175941619069
 0.2470406682963384
 0.2461275579359055
 0.24439787875809
 0.2417903703528537
 0.2396556262185906
 0.2385925819126598
 0.2369367546331702
 0.2348448368365843
 0.2323153046450742
 0.2292163429675258
 0.2280464691777616
 0.2330017941932627
 0.2385725613190571
 0.2456500220148963
 0.2524951351020603
 0.2588372792371881
 0.2644831610983753
 0.2692498834468297
 0.2729583855807915
 0.2754025776744818
 0.2763472087903193
 0.2758814441093055
 0.275477229414836
 0.2747579673198803
 0.2743007888123026
 0.2729192188017074
 0.2715345390778091
 0.2701293884821536
 0.2681407032825066
 0.2656043724425252
 0.2628936799979961
 0.2600244955483322
 0.2567261309347539
 0.2534656629524821
 0.2500123312047829
 0.246629803483334
 0.2438538541989507
 0.2410643131543824
 0.2382180105273741
 0.2350519137910921
 0.2331225960978971
 0.2332490238350507
 0.23476365381006
 0.2362562930005528
 0.2376065011197308
 0.2387807506558481
 0.2397858352383075
 0.2405937397404671
 0.2411283730880921
 0.2413361732852675
 0.2411776853395904
 0.2405817416824568
 0.2393767063192698

# name: <cell-element>
# type: matrix
# rows: 151
# columns: 1
 1.194264867211606
 1.135637075100957
 1.070699417854572
 1.01402138106453
 0.9642395088221704
 0.917946143094894
 0.8675017649896705
 0.8165357810095812
 0.7652338607173811
 0.716152526412854
 0.6718982694856468
 0.6333056648924257
 0.5989757143437945
 0.5666206235893069
 0.5345091617462088
 0.5051167451922958
 0.4773286278850606
 0.4543994588933873
 0.4364244340925824
 0.4233392942712238
 0.4141429093439892
 0.4060232016023078
 0.3987118714699018
 0.3917313504777215
 0.3848194862441714
 0.378011280710814
 0.3710723691797876
 0.3638490897634951
 0.3561140562246132
 0.3502268458604052
 0.3442947756879609
 0.3374967642898941
 0.3311881164261616
 0.3264581475288563
 0.32156401225496
 0.3190153261948067
 0.3162796061309932
 0.31316776726982
 0.309744595652766
 0.3061328369337838
 0.3022305420596592
 0.2980351298071826
 0.2935141274042669
 0.288583432845468
 0.2831504683976894
 0.2771414518421256
 0.2725931575056419
 0.2692431164491679
 0.2656844516664795
 0.2619463997551097
 0.2579053072137241
 0.2534049171339285
 0.2489040017706594
 0.2458432602061583
 0.2529805560921209
 0.2602919387279652
 0.2668535864930888
 0.2728028118604279
 0.2774899965987091
 0.280692712047739
 0.2822077910261164
 0.2819577858226519
 0.2814871245095237
 0.2802029140107716
 0.2792084392344966
 0.2769177782776379
 0.2747512715173844
 0.2720959697446962
 0.268795910121799
 0.2650464152516844
 0.2613977283575623
 0.2573601447260853
 0.2533938214498783
 0.2494288276647197
 0.2457064912228712
 0.2431055960377861
 0.2409207595131075
 0.2389562270475093
 0.2382664956270112
 0.2389706511087979
 0.2404940570022483
 0.2426228092598214
 0.2445367418949911
 0.2462057829064638
 0.2482028762036957
 0.2498271134737496
 0.2508120255358777
 0.2510533560282732
 0.2504225597031276
 0.2487938591476571
 0.2460780696774273
 0.2432296420934011
 0.2420572572765066
 0.2402664954411078
 0.2378490860691642
 0.2349378332802251
 0.2313059899094856
 0.2308685781502828
 0.2367921276334789
 0.2440339374651125
 0.2519321672296413
 0.2592156349651557
 0.2656049947557942
 0.2708491729351887
 0.2747044364938695
 0.2769380111136937
 0.2772955918570212
 0.276188408390906
 0.2758485641857668
 0.2749788356311866
 0.2735404896955311
 0.2718759018739085
 0.2702148882663039
 0.2678740409958222
 0.2648605909566708
 0.2618666195261543
 0.2584549889698661
 0.2547830068970914
 0.2511470346066109
 0.2474466736844297
 0.2436721356316109
 0.240577712183361
 0.2374557210638044
 0.2340468180880197
 0.2331690091254869
 0.2339770156539529
 0.23579736699251
 0.2374277281895129
 0.2388552476173011
 0.2400705348583169
 0.2410298572521443
 0.2416282137518652
 0.241786796025636
 0.2414103188575736
 0.2403643968508042
 0.2385391818056568
 0.2358346281945797
 0.2346627034913666
 0.234093598633606
 0.2329053660659284
 0.2314508715710679
 0.2293785191555592
 0.2284069479319104
 0.2353715595567555
 0.2430854863183152
 0.2515303027445446
 0.259345754069965
 0.2663082450561913
 0.2721494121589246
 0.2766371965638734
 0.2795012172657496

