# Created by Octave 3.0.5, Wed Dec 02 07:14:08 2009 CET <scherrer@pcbruno>
# name: pol_200ech_fp_vk
# type: cell
# rows: 1
# columns: 9
# name: <cell-element>
# type: matrix
# rows: 151
# columns: 1
 5.935147923671208
 5.881888192947458
 5.821277605653377
 5.763767062879412
 5.712834149005128
 5.664806118929647
 5.610322113765301
 5.552530474680428
 5.490984377085153
 5.42744204593102
 5.364882446504199
 5.306865654839849
 5.254136950036784
 5.204241611550957
 5.154911639989918
 5.103278201279483
 5.051071699434149
 4.996560146159837
 4.940878992175999
 4.88484627759421
 4.829135166150418
 4.774180580892151
 4.719801585935482
 4.666459207160615
 4.615079529414138
 4.567200421850568
 4.520570977234504
 4.475589502342504
 4.432700556863026
 4.391543325889538
 4.352348936037358
 4.314139754540518
 4.276801066309559
 4.239859481168225
 4.203151610685138
 4.166579828751027
 4.130063648976727
 4.093536865198875
 4.058648041646795
 4.024836960872976
 3.991191499756805
 3.957197026071528
 3.924007332200787
 3.891101771382594
 3.857659146169663
 3.830052863961518
 3.802311312088642
 3.774178569356573
 3.746339972743695
 3.720865619322303
 3.695103359162787
 3.669089346338485
 3.644219395211851
 3.619674873208413
 3.594652602003247
 3.569195929644202
 3.544074059229493
 3.516740642282016
 3.491434304498827
 3.466433519079097
 3.439942128562151
 3.411909413409835
 3.382022909354808
 3.351444184143732
 3.320825868682387
 3.28847995176965
 3.253601466603054
 3.220171579846084
 3.187135497949371
 3.155887010665518
 3.127454379502874
 3.107193743819514
 3.08824894011598
 3.068216652062127
 3.047354564201808
 3.026821944216101
 3.005197324680624
 2.983971706175935
 2.963733826686098
 2.942536181291027
 2.920158635660961
 2.897674892717831
 2.87613885268833
 2.854610673145023
 2.835005376313746
 2.815235317778758
 2.79428872757557
 2.771228300809798
 2.747403526671668
 2.72210506471115
 2.696488567624511
 2.669291828157514
 2.641873060749334
 2.615084397953335
 2.586718838622013
 2.568085544345096
 2.585292689299489
 2.603648138712482
 2.625165714871745
 2.646332583647735
 2.666227187619209
 2.684238216106077
 2.69978158345587
 2.711802690737864
 2.720832363650461
 2.726398761914569
 2.728849375672545
 2.727708621762932
 2.723129191165718
 2.715508096973805
 2.704965492141602
 2.691830756452951
 2.678358527006813
 2.662869552748611
 2.646855554559428
 2.630024267212318
 2.612351489207899
 2.593997092242827
 2.57727313046292
 2.562752176220246
 2.54914417613583
 2.536792241416076
 2.52746395091812
 2.519364154555857
 2.512062282756454
 2.505761643219373
 2.49991675207995
 2.494104053107603
 2.487458043673111
 2.479227328208672
 2.470273931324286
 2.45967798235276
 2.448685083975238
 2.439396458670002
 2.433042446269426
 2.428143520643629
 2.422504939926431
 2.417432128059607
 2.412997615257042
 2.407886735303087
 2.400069014744592
 2.389155426438131
 2.37683519656471
 2.36295662214777
 2.348890621105941
 2.334605789449911
 2.322120454536279
 2.312071828358721
 2.304269240385671
 2.297938888738639
 2.291589987314275

# name: <cell-element>
# type: matrix
# rows: 151
# columns: 1
 5.935147923671208
 5.876268861760506
 5.807965657947011
 5.747469354460259
 5.690225002523174
 5.634252199458552
 5.570539307730956
 5.503235399845124
 5.433040108008715
 5.363582207233091
 5.299407029867059
 5.241627255282634
 5.186361696713116
 5.130984849449374
 5.07392852672929
 5.015480807776998
 4.954923612340722
 4.893858080222455
 4.833634938868845
 4.773276321124423
 4.713958600562388
 4.656596426344395
 4.603043917478273
 4.551256516459198
 4.501748763788907
 4.454217238893614
 4.408293130436269
 4.364892816550493
 4.322667424863207
 4.281437105339688
 4.240791332406732
 4.200404336418106
 4.160170545149494
 4.119997783579888
 4.081368262247739
 4.044018854689163
 4.006903828145492
 3.969172613965532
 3.932489859569868
 3.895979648882713
 3.862611825090597
 3.831467282396402
 3.799688471473373
 3.768103209134285
 3.739026787079645
 3.710338190446338
 3.681500598906506
 3.653519047554573
 3.626082180314584
 3.597917912157416
 3.569980776764204
 3.540961900083603
 3.510695867625159
 3.483567573879874
 3.455185480369062
 3.425309491422512
 3.393452678636657
 3.359776772106581
 3.3250431384417
 3.287763099263804
 3.249975146103337
 3.212708442367223
 3.177269173797817
 3.143767615568155
 3.12173319872322
 3.100962942341295
 3.081384952916997
 3.061010527085516
 3.038423934990581
 3.014274956457929
 2.993959683525911
 2.972251656641339
 2.949600223285468
 2.92622505865147
 2.903113251929041
 2.880983887107061
 2.858984034029938
 2.836729532949294
 2.812507135850292
 2.786467908731304
 2.759118851718591
 2.730737898465563
 2.700610326633739
 2.668659051308393
 2.638899317504973
 2.608187967609664
 2.577528899487957
 2.581905869276947
 2.609846767119003
 2.639069534719619
 2.668271241619957
 2.695926259789005
 2.721394247425772
 2.742216661890587
 2.755765124420235
 2.762165059424651
 2.76091487094184
 2.752979143145663
 2.738111628704816
 2.717770156910035
 2.701069735970223
 2.680293114949994
 2.659286224455262
 2.634086019550367
 2.608166162276651
 2.585402592449578
 2.575387872770286
 2.575488085494956
 2.582856281750235
 2.597850367350071
 2.618839014620614
 2.642319819657287
 2.666773918472177
 2.689622387122357
 2.708903873564624
 2.724940233227917
 2.735284376655972
 2.740459964231391
 2.740240052974009
 2.733547789459343
 2.724639274062717
 2.713749614649226
 2.698989240956916
 2.680943616252651
 2.664018969821911
 2.641690321277194
 2.618536184966731
 2.592964097503772
 2.567894385031196
 2.543617707828685
 2.520408006268868
 2.500283341533683
 2.481894711019164
 2.469038515523267
 2.462540440544796
 2.456852541897604
 2.451140960274781
 2.444898724435981
 2.437308258347468
 2.42811478686912
 2.417990439250842
 2.40571838316378
 2.392654740217144
 2.389193010697628
 2.39723546879396
 2.407925856030021
 2.424061574106378
 2.438671935014513
 2.446967271636793
 2.451179751135316
 2.450193435954477

