# Created by Octave 3.0.5, Tue Dec 01 18:56:50 2009 CET <bruno@midjy>
# name: rbf_100ech_br_vpi
# type: cell
# rows: 1
# columns: 9
# name: <cell-element>
# type: matrix
# rows: 151
# columns: 1
 0.7508836059503116
 0.9553642787438614
 0.8125904113257171
 0.8067436224403221
 0.790792994779455
 0.7314873446303122
 0.6688979668140737
 0.5652187179462562
 0.1945581946581303
 0.05146514790585854
 0.02722985295124223
 0.01343307153238584
 0.02387158506814577
 0.02387158506814577
 0.02051331718504931
 0.07147807746301513
 0.07898689981817068
 0.2145643618431758
 0.273703539516276
 0.2741729323017747
 0.2741729323017747
 0.277531200248688
 0.280935405291753
 0.2809399027601943
 0.2613209867986452
 0.2613209867986452
 0.2609529747432484
 0.2576768770795506
 0.2189319196125011
 0.2155736517294047
 0.2325556967524959
 0.2509540916171798
 0.2509540916171798
 0.1961778209652642
 0.1753766115669061
 0.1787348794500026
 0.1708688758906328
 0.1708688758906328
 0.1708688758906328
 0.1708688758906328
 0.1708688758906328
 0.1708688592388298
 0.1787348627981996
 0.2005132212256939
 0.222884144097336
 0.2288443297659419
 0.2288443297659419
 0.2543220306640849
 0.2392736901727976
 0.1913995373039882
 0.1913995373039882
 0.1475151524124427
 0.1593449191824061
 0.1522646735297427
 0.160791777252479
 0.2117565375304448
 0.228207402869896
 0.2458257343009176
 0.2458257343009176
 0.2992861736748801
 0.2992861736748801
 0.2994673066745847
 0.2974027212723456
 0.2508285929873917
 0.2808799707474995
 0.240271207221626
 0.1969240720835365
 0.179349152747834
 0.1944385699771395
 0.2005105340169371
 0.2040186269238557
 0.2038687941767325
 0.2040186255618421
 0.2038687930368391
 0.2024436620173638
 0.2454032974915961
 0.2188367809079956
 0.21132795855284
 0.2552124542512266
 0.2500436184115867
 0.2452940972942868
 0.2364506598740088
 0.228366570832141
 0.228366570832141
 0.228366570832141
 0.228366570832141
 0.228366570832141
 0.2358753765354935
 0.2358753765354935
 0.2358753765354935
 0.2392335336117489
 0.2392335336117489
 0.2392334228049078
 0.1949918567091481
 0.2026128657417606
 0.2026128657417606
 0.2026128657417606
 0.2059711336248571
 0.2138371371842269
 0.2138371371842269
 0.1851894576882213
 0.177461574647837
 0.177461574647837
 0.177461574647837
 0.177461574647837
 0.177461574647837
 0.2062162582215711
 0.2132965038742346
 0.221380592915565
 0.1850049003097557
 0.1850049003097557
 0.1774960779546002
 0.1774960779546002
 0.1704158323019367
 0.1704158323019367
 0.2213805925799025
 0.2213805925799025
 0.2213805928742955
 0.2213805928742955
 0.27297587160405
 0.2818193095738578
 0.2818193095738578
 0.279708786947822
 0.2520446710854949
 0.2864036503706293
 0.2791182313868665
 0.2392724751047691
 0.2833632526494361
 0.3343280106522892
 0.2800049847663397
 0.2833632526494362
 0.2867215205325326
 0.2865152386862522
 0.2865152386862522
 0.2865152386862522
 0.3374799966891052
 0.3375990630310014
 0.3376932821173205
 0.3366908757134518
 0.3291820533582962
 0.3281060136897417
 0.3281060159648545
 0.310487571746272
 0.2940367064068208
 0.2940367064068208
 0.2888678705671809
 0.2770381037972175
 0.2681946663769396
 0.2681946497251366
 0.2601105606832688
 0.2237349981468788

# name: <cell-element>
# type: matrix
# rows: 151
# columns: 1
 0.7508836059503116
 0.8699434951806925
 0.8125397806519046
 0.8072220824391647
 0.7804197908943646
 0.6777455274612553
 0.6112574004672033
 0.3051476554207216
 0.07917992643822747
 0.02014960729857876
 0.0167913394154823
 0.0167913394154823
 0.02051331718504931
 0.02051331718504931
 0.07147807746301513
 0.1265933899379273
 0.2145643618431758
 0.273703539516276
 0.2741729323017747
 0.277531200184871
 0.280935405291753
 0.280935405291753
 0.2707733975337465
 0.2613209701468423
 0.2646792357548259
 0.261337293773737
 0.2643106897730612
 0.2122152707643544
 0.2122152707643544
 0.196180134216106
 0.2221995214615994
 0.1969963022360603
 0.1753766115669061
 0.1708688758906328
 0.1631409928502485
 0.1708688758906328
 0.1708688758906328
 0.1708688758906328
 0.1631409761984455
 0.1708688592388298
 0.1918955489654021
 0.2074894355650927
 0.2516388276710701
 0.260728556376254
 0.2249619727782378
 0.2249619727782378
 0.1806927678477994
 0.1590136126754429
 0.1404349067597793
 0.1947579349208415
 0.2140546248203004
 0.2255923703735306
 0.2065877019851979
 0.2633518165545923
 0.2633518171041221
 0.2633518171041221
 0.2612412944780864
 0.2146671661931324
 0.1627031870655025
 0.196437874037209
 0.1803576870261654
 0.1926324806340867
 0.1892873346386153
 0.1997258481743752
 0.1997086139014798
 0.2011160695311861
 0.1678720229051425
 0.2188367809079956
 0.2520777248601081
 0.2542330040203124
 0.2516491475118048
 0.2808489599446174
 0.2955336392188976
 0.26229269990389
 0.26229269990389
 0.26229269990389
 0.2571238474124471
 0.2364506432222058
 0.2364506432222058
 0.2283665541803379
 0.2283664433734969
 0.2283664433734969
 0.2283664433734969
 0.1953491487202034
 0.2029700469459748
 0.2029700469459748
 0.2029700469459748
 0.2104788693011304
 0.2182067523415147
 0.2182067523415147
 0.1818311898051248
 0.1818311898051248
 0.1741033067647405
 0.1662373032053707
 0.1695955710884672
 0.1983502546622013
 0.2062162582215711
 0.2062162582210336
 0.1698405656152244
 0.1623317432600689
 0.1623317432600689
 0.1552514976074054
 0.1633355866492733
 0.214300346927239
 0.214300346927239
 0.214300347221632
 0.2658956259513865
 0.2658956259513865
 0.2729758721535798
 0.2729758721535798
 0.2402149043155315
 0.2402149043155315
 0.1859109386723859
 0.1788306930197225
 0.1788306930197225
 0.2311866876049761
 0.2311866876049761
 0.2756481484480002
 0.2756481484480002
 0.2758544302942806
 0.2758544302942806
 0.3268191882971337
 0.3268191882971337
 0.3266129064508532
 0.3266129064508532
 0.3266129064508532
 0.3268262005558787
 0.3343515933294353
 0.3343350142342241
 0.334334903427383
 0.3333324970235143
 0.3322564407031567
 0.3322564407031567
 0.2981872442270769
 0.2981871334202358
 0.256642735044206
 0.2448129682742426
 0.2359695308539647
 0.1991308883083195
 0.1916220659531639
 0.1916220659531639
 0.1837560623937941
 0.1914839454341784
 0.1914839454341784
 0.1914839454341784
 0.1837560623937941
 0.1760281793534098
 0.1760281793534098
 0.1760281793534098
 0.204782862927144
 0.2125107459675283

