# Created by Octave 3.0.5, Tue Dec 01 18:56:50 2009 CET <bruno@midjy>
# name: rbf_100ech_br_vk
# type: cell
# rows: 1
# columns: 9
# name: <cell-element>
# type: matrix
# rows: 151
# columns: 1
 1.194264867211606
 1.148255450422178
 1.102854584931764
 1.054250346192123
 1.003866176012509
 0.9537522867187174
 0.9064974422017931
 0.8660558468805912
 0.8587456270708187
 0.8519178765332449
 0.8450535842619991
 0.8383747683467323
 0.8278190436979381
 0.8124300802963831
 0.789033787694268
 0.7561982286516928
 0.7116261853004773
 0.6757717922448916
 0.6470592828315828
 0.6076172313077548
 0.5791733416891638
 0.5633285963983421
 0.5460757268595532
 0.528664339050981
 0.5125089606895982
 0.5025574780856704
 0.5610960177476443
 0.6165056323592331
 0.6689024507037349
 0.7201128691905547
 0.7776018379912278
 0.8342831676364144
 0.8820160929054308
 0.9236149350026256
 0.9558658999027284
 0.9702998748426914
 0.9571118726274439
 0.924826130662997
 0.8787233936683585
 0.8200545609658247
 0.753958892866842
 0.702093006986324
 0.668525267120798
 0.6390679748086995
 0.6144974594566316
 0.5940576454192703
 0.6304456147400184
 0.6977464782537155
 0.7857917656225434
 0.8782914146093466
 0.9426817266379028
 0.9626427330581818
 0.9413095693389851
 0.9016076130050233
 0.8721965443630363
 0.8357869234995222
 0.8119298984960768
 0.783318792964424
 0.7365492243246697
 0.6777881346843473
 0.6305068436483936
 0.6099201091462554
 0.5896313316656364
 0.5681444694597229
 0.5457358002725975
 0.5237225175782424
 0.5025304007716772
 0.4823951492667961
 0.4631642856728892
 0.4434309524484267
 0.4433724546964537
 0.4453634165550625
 0.4442471799381691
 0.437816474041675
 0.4298246439442124
 0.4224931085176035
 0.4217176352444346
 0.4267611492239173
 0.4311914843347108
 0.4349387020950304
 0.4388686632026026
 0.4557914461762499
 0.4702614797446681
 0.4828410187269445
 0.492268376699929
 0.5026674661740972
 0.5153082544131559
 0.5298525926225488
 0.5455675577656169
 0.561782085617934
 0.5779015529851987
 0.5934258243419297
 0.6079272882721057
 0.6215925238761726
 0.6340754513874848
 0.6448569368906608
 0.6540441488936337
 0.6620143319491625
 0.6694286214863036
 0.6773148177770831
 0.6873345145893341
 0.7006121786959504
 0.7189763156329665
 0.7424162310974687
 0.7718814337112889
 0.8074776687257103
 0.8573963604575726
 0.9137182565808601
 0.9740091535922553
 1.030879858131685
 1.082076362735336
 1.127577414412181
 1.165797358139898
 1.195059443225608
 1.21539344311815
 1.230646081743488
 1.239202450311419
 1.240673469029332
 1.234990057579618
 1.224379745794771
 1.209564122897431
 1.175767938113935
 1.116685572099528
 1.033115422995296
 0.9286103536490172
 0.8833610647183542
 0.8484736787078256
 0.8203691569246833
 0.7901242817861772
 0.7599369091728883
 0.7321355182915994
 0.7041127458635243
 0.6776945708412012
 0.6537135961617505
 0.6406884467398626
 0.6304382503666867
 0.6195115619590326
 0.6099225193264864
 0.598188181617803
 0.5840065084162444
 0.5678115977740947
 0.5516743125815798
 0.5364200280956645
 0.5306366893613506
 0.5307895762436651
 0.5317488864009098
 0.5333505835917572
 0.5444191293682008
 0.5609713173653782
 0.5741265293151199
 0.5845190205931976

# name: <cell-element>
# type: matrix
# rows: 151
# columns: 1
 1.194264867211606
 1.14391010925008
 1.093534815956871
 1.038634077423809
 0.9818472578632174
 0.9277162931090288
 0.8784880342917269
 0.8311691732294695
 0.7995250321313326
 0.7917134256353121
 0.7859962755221539
 0.7791355723449682
 0.7695281567244893
 0.7527845056927034
 0.7260152296405621
 0.6869565806006265
 0.651743545694463
 0.6170906279013935
 0.5827207907200518
 0.5559610900728135
 0.5394541842950237
 0.5214734269955922
 0.5028381411973538
 0.4861553569265035
 0.4723260420331549
 0.5099769569075464
 0.5565777929227712
 0.5977231298329865
 0.6356203896763891
 0.6813769235953361
 0.7281135550530149
 0.770683652454634
 0.8002521460919628
 0.8131294059043205
 0.8098537697246038
 0.7953959771246498
 0.7718829148732944
 0.7318333579525468
 0.6777048136779031
 0.6388025708637942
 0.609069708596445
 0.5799655433945952
 0.5550439315459399
 0.5462572386009698
 0.5338125769227259
 0.5511052758342804
 0.6225303040277621
 0.6853199024043414
 0.7332038481833049
 0.7518758713066851
 0.7553436629576787
 0.7413034277108334
 0.7425993007163573
 0.7500727312587501
 0.7450746378273941
 0.7178325018724935
 0.6788216648752174
 0.6314095276602585
 0.5787133981873712
 0.5417174766980413
 0.5215870127885563
 0.501634706685262
 0.4813478099694009
 0.4612792006041027
 0.4428092714489793
 0.4264868038504677
 0.4143771008016782
 0.4215683136689719
 0.4289777950583252
 0.4356904959942061
 0.4402622053330075
 0.443591291234557
 0.4483439277524684
 0.4519568292945588
 0.4517499276297239
 0.449231764909437
 0.4452170064565291
 0.4382868283232235
 0.4453389560284639
 0.4494411460419361
 0.4540295577242495
 0.4605725372431888
 0.472342638171843
 0.4898247284230943
 0.5129357058231356
 0.5398794420272092
 0.5690540116976919
 0.5987338020146916
 0.6271243371292056
 0.6525646808283622
 0.6737665437547546
 0.6907077704172654
 0.7018748827007515
 0.7078706827026162
 0.7101094233603856
 0.7191832476307567
 0.726844781451343
 0.7351977429701304
 0.7460168318077629
 0.761314259318547
 0.7829000476159528
 0.8122149954991332
 0.851315258631692
 0.8940855765295112
 0.9365046694807581
 0.9789304358246557
 1.019500317329666
 1.054950195829058
 1.083547481577431
 1.103215290814556
 1.112758363731952
 1.099922769347155
 1.068582494706178
 1.02053839075414
 0.9567735187950842
 0.8763166233805809
 0.8214539297445916
 0.784814872741363
 0.7553650825664032
 0.7296187570755098
 0.7022655239162178
 0.6753250327484462
 0.6510787174639984
 0.628185379675222
 0.6166895725589705
 0.6122305259090299
 0.6070182586969591
 0.5991474689040642
 0.5885692797931559
 0.5742630887440441
 0.5547315862939342
 0.5343010542412727
 0.5113510979444236
 0.4938983535956371
 0.5002550580821645
 0.4974540163858474
 0.4927846434785514
 0.5044638824878795
 0.5131273464065966
 0.5169054211683956
 0.517010495629952
 0.5168599671839438
 0.5165690926926675
 0.5150097996136913
 0.5116002342483639
 0.5067710393722169
 0.4993099043865504
 0.4910225338929577
 0.480068926693952
 0.4775706714757848
 0.4752624258772184

