# Created by Octave 3.0.5, Tue Dec 01 12:11:16 2009 CET <bruno@midjy>
# name: rbf_100ech_fp_vk
# type: cell
# rows: 1
# columns: 9
# name: <cell-element>
# type: matrix
# rows: 151
# columns: 1
 1.194264867211606
 1.148255450422178
 1.102854584931764
 1.054250346192123
 1.003866176012509
 0.9537522867187174
 0.9064974422017931
 0.8660558468805912
 0.8587456270708187
 0.8519178765332449
 0.8450535842619991
 0.8383747683467323
 0.8278190436979381
 0.8124300802963831
 0.789033787694268
 0.7561982286516928
 0.7116261853004773
 0.6757717922448916
 0.6470592828315828
 0.6076172313077548
 0.5791733416891638
 0.5633285963983421
 0.5460757268595532
 0.528664339050981
 0.5125089606895982
 0.5025574780856704
 0.5610960177476443
 0.6165056323592331
 0.6689024507037349
 0.7201128691905547
 0.7776018379912278
 0.8342831676364144
 0.8820160929054308
 0.9236149350026256
 0.9558658999027284
 0.9702998748426914
 0.9571118726274439
 0.924826130662997
 0.8787233936683585
 0.8200545609658247
 0.753958892866842
 0.702093006986324
 0.668525267120798
 0.6390679748086995
 0.6144974594566316
 0.5940576454192703
 0.6304456147400184
 0.6977464782537155
 0.7857917656225434
 0.8782914146093466
 0.9426817266379028
 0.9626427330581818
 0.9413095693389851
 0.9016076130050233
 0.8721965443630363
 0.8357869234995222
 0.8119298984960768
 0.783318792964424
 0.7365492243246697
 0.6777881346843473
 0.6305068436483936
 0.6099201091462554
 0.5896313316656364
 0.5681444694597229
 0.5457358002725975
 0.5237225175782424
 0.5025304007716772
 0.4823951492667961
 0.4631642856728892
 0.4434309524484267
 0.4433724546964537
 0.4453634165550625
 0.4442471799381691
 0.437816474041675
 0.4298246439442124
 0.4224931085176035
 0.4217176352444346
 0.4267611492239173
 0.4311914843347108
 0.4349387020950304
 0.4388686632026026
 0.4557914461762499
 0.4702614797446681
 0.4828410187269445
 0.492268376699929
 0.5026674661740972
 0.5153082544131559
 0.5298525926225488
 0.5455675577656169
 0.561782085617934
 0.5779015529851987
 0.5934258243419297
 0.6079272882721057
 0.6215925238761726
 0.6340754513874848
 0.6448569368906608
 0.6540441488936337
 0.6620143319491625
 0.6694286214863036
 0.6773148177770831
 0.6873345145893341
 0.7006121786959504
 0.7189763156329665
 0.7424162310974687
 0.7718814337112889
 0.8074776687257103
 0.8573963604575726
 0.9137182565808601
 0.9740091535922553
 1.030879858131685
 1.082076362735336
 1.127577414412181
 1.165797358139898
 1.195059443225608
 1.21539344311815
 1.230646081743488
 1.239202450311419
 1.240673469029332
 1.234990057579618
 1.224379745794771
 1.209564122897431
 1.175767938113935
 1.116685572099528
 1.033115422995296
 0.9286103536490172
 0.8833610647183542
 0.8484736787078256
 0.8203691569246833
 0.7901242817861772
 0.7599369091728883
 0.7321355182915994
 0.7041127458635243
 0.6776945708412012
 0.6537135961617505
 0.6406884467398626
 0.6304382503666867
 0.6195115619590326
 0.6099225193264864
 0.598188181617803
 0.5840065084162444
 0.5678115977740947
 0.5516743125815798
 0.5364200280956645
 0.5306366893613506
 0.5307895762436651
 0.5317488864009098
 0.5333505835917572
 0.5444191293682008
 0.5609713173653782
 0.5741265293151199
 0.5845190205931976

# name: <cell-element>
# type: matrix
# rows: 151
# columns: 1
 1.194264867211606
 1.144007491259302
 1.093739728282305
 1.039023578892726
 0.9823355026104598
 0.9283326964844814
 0.8787951813560043
 0.8575980564033487
 0.8489952088773177
 0.8408505328365569
 0.8324481542917417
 0.8195399910161915
 0.7987715358454905
 0.7682200018593156
 0.7248635564085966
 0.6761653927893344
 0.6468181108511928
 0.6060431273401304
 0.5747643817414669
 0.5566029592531705
 0.5376519939706613
 0.5178609437092814
 0.5009996024420037
 0.5249856246544706
 0.5887419579044484
 0.6466351936502538
 0.7020639709708847
 0.7656655787966443
 0.8290790971767371
 0.8829247835183611
 0.9268541994946903
 0.948781947510498
 0.9412731854534622
 0.9117991588594859
 0.8668400342515459
 0.8067587220214529
 0.7291098427240741
 0.6801600221996968
 0.6457320821529147
 0.6126448987134587
 0.5897554583021823
 0.5819770402949913
 0.6481830767678057
 0.7440690843434742
 0.8453721748674091
 0.9351257316533698
 0.9698175769898758
 0.9557865310355714
 0.9047704292554175
 0.8721034000782362
 0.8278862988997763
 0.794021019604614
 0.7521757282976791
 0.6929218281137995
 0.6316115944298777
 0.6099475556173152
 0.5869022135219386
 0.5637138362845061
 0.5398392416295179
 0.5165553992374021
 0.4952816202835482
 0.474841194731304
 0.4537839951269858
 0.4430776658355365
 0.4451371634976464
 0.4469655301362034
 0.4432403367373761
 0.4357151505152029
 0.4271903345207186
 0.4298101905439823
 0.4348866306848796
 0.4393312705741546
 0.4432455824603728
 0.4538026218279068
 0.4725080637154171
 0.4877925327789041
 0.4984230590120324
 0.5092467207459597
 0.5222188502812817
 0.5377512396475567
 0.5543426512682237
 0.5712117047575396
 0.5876750072572795
 0.6031609138398888
 0.6173080784378278
 0.6302046660828557
 0.6416085014826151
 0.6518686439239222
 0.6616487867698075
 0.6721590160728718
 0.6854829558196898
 0.7024477506379633
 0.7237882153768296
 0.7508344535198023
 0.7913538811462327
 0.838826592951375
 0.8909279369776629
 0.9462930302923825
 1.003268684552174
 1.053298676836733
 1.095493384720177
 1.13368880471116
 1.167700545793193
 1.19499918862074
 1.212925916953083
 1.222714293832292
 1.224063031718489
 1.221362598843264
 1.213833624910343
 1.185097851785898
 1.122032286833101
 1.027541749578007
 0.9197117988291801
 0.8720753353964189
 0.8364677253124897
 0.8062232210347398
 0.7745457326317081
 0.7458257936467335
 0.7183654834989313
 0.6908801629013483
 0.6655510786332877
 0.6483015338083973
 0.6385300415112424
 0.6277300630834176
 0.6147919788123649
 0.5998670170891616
 0.5824777999921522
 0.5635725373924824
 0.5455117839955926
 0.5341291659342301
 0.5324289076967466
 0.5313196606389124
 0.5308829396825837
 0.5409219730860232
 0.55709327084395
 0.5700203552619429
 0.5790493909181806
 0.5858230119705256
 0.5922432688839221
 0.5980223471481533
 0.6027073876261552
 0.6059125114622366
 0.6068480000891543
 0.6054081639976593
 0.6018310504478886
 0.5968539933566346
 0.5917245866988263
 0.5880523158408146
 0.5876759613301873
 0.5926664045053588
 0.6050864664897173

