# Created by Octave 3.0.5, Tue Dec 01 12:11:16 2009 CET <bruno@midjy>
# name: rbf_100ech_fp_vpi
# type: cell
# rows: 1
# columns: 9
# name: <cell-element>
# type: matrix
# rows: 151
# columns: 1
 0.7508836059503116
 0.9553642787438614
 0.8125904113257171
 0.8067436224403221
 0.790792994779455
 0.7314873446303122
 0.6688979668140737
 0.5652187179462562
 0.1945581946581303
 0.05146514790585854
 0.02722985295124223
 0.01343307153238584
 0.02387158506814577
 0.02387158506814577
 0.02051331718504931
 0.07147807746301513
 0.07898689981817068
 0.2145643618431758
 0.273703539516276
 0.2741729323017747
 0.2741729323017747
 0.277531200248688
 0.280935405291753
 0.2809399027601943
 0.2613209867986452
 0.2613209867986452
 0.2609529747432484
 0.2576768770795506
 0.2189319196125011
 0.2155736517294047
 0.2325556967524959
 0.2509540916171798
 0.2509540916171798
 0.1961778209652642
 0.1753766115669061
 0.1787348794500026
 0.1708688758906328
 0.1708688758906328
 0.1708688758906328
 0.1708688758906328
 0.1708688758906328
 0.1708688592388298
 0.1787348627981996
 0.2005132212256939
 0.222884144097336
 0.2288443297659419
 0.2288443297659419
 0.2543220306640849
 0.2392736901727976
 0.1913995373039882
 0.1913995373039882
 0.1475151524124427
 0.1593449191824061
 0.1522646735297427
 0.160791777252479
 0.2117565375304448
 0.228207402869896
 0.2458257343009176
 0.2458257343009176
 0.2992861736748801
 0.2992861736748801
 0.2994673066745847
 0.2974027212723456
 0.2508285929873917
 0.2808799707474995
 0.240271207221626
 0.1969240720835365
 0.179349152747834
 0.1944385699771395
 0.2005105340169371
 0.2040186269238557
 0.2038687941767325
 0.2040186255618421
 0.2038687930368391
 0.2024436620173638
 0.2454032974915961
 0.2188367809079956
 0.21132795855284
 0.2552124542512266
 0.2500436184115867
 0.2452940972942868
 0.2364506598740088
 0.228366570832141
 0.228366570832141
 0.228366570832141
 0.228366570832141
 0.228366570832141
 0.2358753765354935
 0.2358753765354935
 0.2358753765354935
 0.2392335336117489
 0.2392335336117489
 0.2392334228049078
 0.1949918567091481
 0.2026128657417606
 0.2026128657417606
 0.2026128657417606
 0.2059711336248571
 0.2138371371842269
 0.2138371371842269
 0.1851894576882213
 0.177461574647837
 0.177461574647837
 0.177461574647837
 0.177461574647837
 0.177461574647837
 0.2062162582215711
 0.2132965038742346
 0.221380592915565
 0.1850049003097557
 0.1850049003097557
 0.1774960779546002
 0.1774960779546002
 0.1704158323019367
 0.1704158323019367
 0.2213805925799025
 0.2213805925799025
 0.2213805928742955
 0.2213805928742955
 0.27297587160405
 0.2818193095738578
 0.2818193095738578
 0.279708786947822
 0.2520446710854949
 0.2864036503706293
 0.2791182313868665
 0.2392724751047691
 0.2833632526494361
 0.3343280106522892
 0.2800049847663397
 0.2833632526494362
 0.2867215205325326
 0.2865152386862522
 0.2865152386862522
 0.2865152386862522
 0.3374799966891052
 0.3375990630310014
 0.3376932821173205
 0.3366908757134518
 0.3291820533582962
 0.3281060136897417
 0.3281060159648545
 0.310487571746272
 0.2940367064068208
 0.2940367064068208
 0.2888678705671809
 0.2770381037972175
 0.2681946663769396
 0.2681946497251366
 0.2601105606832688
 0.2237349981468788

# name: <cell-element>
# type: matrix
# rows: 151
# columns: 1
 0.7508836059503116
 0.8752544185508011
 0.8126372756775762
 0.8066949018189131
 0.7853631745266637
 0.6777151644021189
 0.6083636549505185
 0.3139648530087668
 0.07917992643822747
 0.02722985295124223
 0.01343307153238584
 0.02387158506814577
 0.02051331718504931
 0.01715504930195285
 0.07898689981817068
 0.2145643618431758
 0.2193805113552137
 0.2741729323017747
 0.2741729323017747
 0.2742188695255602
 0.280935405291753
 0.267471376150807
 0.2613209867986452
 0.2552946287738837
 0.2609529724681356
 0.2392727145303538
 0.2155736494542919
 0.2122152707643544
 0.2509540916171798
 0.2325534001534571
 0.1753766115669061
 0.1753766115669061
 0.1708688758906328
 0.1631409928502485
 0.1631409928502485
 0.1631409928502485
 0.1708688758906328
 0.1708688592388298
 0.1708688592388298
 0.222884254904177
 0.2286156049199609
 0.2288443297659419
 0.2288398938888609
 0.2028979975669884
 0.1913995373039882
 0.1913995373039882
 0.1475151524124427
 0.1593449191824061
 0.1522646735297427
 0.206587701690805
 0.2117565375304448
 0.228207403164289
 0.2458257343009176
 0.2992861736748801
 0.2992861736748801
 0.2994924555211605
 0.2974027212723456
 0.2508285907674875
 0.1926456025217118
 0.1969562682045698
 0.1969240720835365
 0.1809646203614972
 0.1996590221354818
 0.2038688019000336
 0.2038687941767325
 0.210949039829396
 0.2109490386895026
 0.2534084033684138
 0.2454032808397932
 0.2188367642561926
 0.211327941901037
 0.2552124375994236
 0.2452940806424837
 0.2364506432222058
 0.2398089111053023
 0.2317248220634344
 0.2317248220634344
 0.2317248220634344
 0.2392335336117489
 0.2392335336117489
 0.2392335336117489
 0.2392335336117489
 0.202857971075359
 0.2104788693011304
 0.2026128657417606
 0.2059711336248571
 0.2059711336248571
 0.2059711336248571
 0.2138371371842269
 0.2138371371842269
 0.1845418203005004
 0.1845418203005004
 0.1845418203005004
 0.1845418203005004
 0.1845418203005004
 0.1769208112678879
 0.1769208112678879
 0.1769208112678879
 0.1774960779546002
 0.1774960779546002
 0.1704158323019367
 0.1704158323019367
 0.2213805925799025
 0.2213805925799025
 0.2213805928742955
 0.27297587160405
 0.27297587160405
 0.2804846939592056
 0.2964083770321469
 0.2942978499289109
 0.2477237244507828
 0.205678104499997
 0.1981692821448414
 0.2359142072216727
 0.2831569708031557
 0.2833632526494362
 0.2904434983020996
 0.2938017661851962
 0.3376862618835827
 0.3301774395284271
 0.3299710468753055
 0.3299710468753055
 0.3299710468753055
 0.3300901132172017
 0.293808769767131
 0.2928063633632622
 0.2917303236947077
 0.2917303236947077
 0.274111881751238
 0.2576610164117868
 0.2576610164117868
 0.2601131896047595
 0.248283422834796
 0.2394399854145181
 0.2394399854145181
 0.1949803338362603
 0.2024891561914159
 0.1948681471588034
 0.1948681471588034
 0.1870021435994336
 0.1870021435994336
 0.1870021435994336
 0.1870021435994336
 0.179493321244278
 0.179493321244278
 0.179493321244278
 0.2233778335944676
 0.2233778335944676
 0.2233778335944676
 0.2233778335944676
 0.2312438371538374

