# Created by Octave 3.0.5, Wed Dec 02 17:27:41 2009 CET <scherrer@pcbruno>
# name: rbf_200ech_br_vk
# type: cell
# rows: 1
# columns: 9
# name: <cell-element>
# type: matrix
# rows: 151
# columns: 1
 1.194264867211606
 1.148624148058039
 1.102835180519066
 1.054142905738802
 1.003114402539686
 0.9503075103091774
 0.8986805571353443
 0.8518823813274629
 0.8085289046031346
 0.7683418866562518
 0.7306939181233113
 0.6962542053060664
 0.6645930279738297
 0.6354588538738226
 0.6076536221674576
 0.5805915106754177
 0.554958208131593
 0.5366752548823205
 0.5244917401828126
 0.5140532739138026
 0.5066985994072321
 0.5009655361694486
 0.49606952538125
 0.491409716339513
 0.4868998370409048
 0.4823175103464377
 0.4774547017696941
 0.4722897346649029
 0.4668706403166979
 0.4612943825885243
 0.455653949459497
 0.4500684891304607
 0.4445929887164813
 0.4391520005655566
 0.4338306787255787
 0.4286756107214645
 0.4237431162892218
 0.4187854161132855
 0.4136669586641183
 0.4083304101135141
 0.4026223197863574
 0.3963948957508102
 0.3893134329360576
 0.3816256768289371
 0.3731742706938724
 0.3649990887964448
 0.3577794508145921
 0.3507568151521678
 0.3431777821352657
 0.3352820922420936
 0.3268383527901165
 0.3180966689157768
 0.3102068268798169
 0.3020029043928005
 0.2934353237243167
 0.2845510883027839
 0.2758964538871662
 0.2673955711154204
 0.2593388017468484
 0.2516422467412624
 0.2440971598020812
 0.237777261331343
 0.2332515023642361
 0.2305223214288153
 0.2281334552732485
 0.2259925025890377
 0.2265367614055064
 0.2278060676693489
 0.2294911948367954
 0.2312049358999368
 0.2332991705551807
 0.2356049679708028
 0.2382074023930813
 0.2412006281577415
 0.2443437554809145
 0.2477338005281273
 0.2511910889694741
 0.2546715456538958
 0.2580010551225042
 0.261012237641867
 0.2636539770670239
 0.2658545611863324
 0.2675601413152804
 0.2687293310724522
 0.2693374142308836
 0.2693654214210962
 0.2686754864560117
 0.2677485338243963
 0.2672334056882896
 0.2666109312571836
 0.2655659885111405
 0.2640970808791523
 0.2620786852140161
 0.259652907604975
 0.2570115667240119
 0.2539299833858553
 0.2504238060834854
 0.2466454423527507
 0.2429685642180605
 0.2391429926608379
 0.235278698282268
 0.2320574672347145
 0.2296278576157032
 0.2274016767178391
 0.2259385838576403
 0.2256421646514624
 0.2255237500223068
 0.225784115718359
 0.2264005633176884
 0.2274185503276698
 0.228840808015909
 0.2306716006042771
 0.2329006399073811
 0.2355105189725805
 0.2384655130530758
 0.2417283628962952
 0.2452466642308803
 0.2489587245816231
 0.2527894434201079
 0.256636746507618
 0.2602754509502025
 0.2636033885250146
 0.2665201144668859
 0.2689524731145918
 0.2708436626491232
 0.2721535551687484
 0.2728273795314527
 0.2727888657192668
 0.2721610856521855
 0.2716163083058002
 0.271465889173751
 0.2708425992791036
 0.2699498405237883
 0.2685102963614388
 0.2664903544249789
 0.26419358394619
 0.2615372733705183
 0.2584249893222217
 0.2548478070066535
 0.2511481472047987
 0.2473390212965151
 0.2435304842871177
 0.2405736127544367
 0.2377125189531482
 0.2349077565663745
 0.2320491064761487
 0.2296464981207277
 0.2285890214729112
 0.2278716562918709
 0.2273811604710452
 0.2272393728695669

# name: <cell-element>
# type: matrix
# rows: 151
# columns: 1
 1.194264867211606
 1.144157391762481
 1.093183356775384
 1.03822305760061
 0.9805880971640368
 0.9215452917578013
 0.8671906967606792
 0.8179346008621554
 0.7723123290365622
 0.7308974828126373
 0.6929817594958593
 0.6584284377877444
 0.6266814903213838
 0.5959999065663197
 0.5668159122983146
 0.5424956533593749
 0.5275368990950846
 0.5154907821421396
 0.5053815428754769
 0.4989478008103542
 0.4931787453812999
 0.4877796032406891
 0.4825233868651496
 0.4771151428099864
 0.4714339579648136
 0.4655032644575077
 0.4594144279466604
 0.4532869356336391
 0.4472252097165743
 0.4412920665145542
 0.4355425391943959
 0.430036584446861
 0.4245765017145582
 0.4192384073315892
 0.4135629562413304
 0.407669863995658
 0.4013413025474195
 0.3942526040954559
 0.3863854795558305
 0.3776203815567732
 0.3678456462995832
 0.3582453829134378
 0.3497225444673804
 0.3414220501823266
 0.3325691386824363
 0.323176584650225
 0.3140021092600613
 0.3052175288959746
 0.2961506462033777
 0.2869139376146954
 0.2781281989682846
 0.2700448612738725
 0.2618663230124375
 0.2537106358393678
 0.2457050213030999
 0.238815303462822
 0.2351710006583859
 0.2335371066753312
 0.2326608373494011
 0.2322088927339488
 0.2322922603083976
 0.2328908375575169
 0.2340002243460876
 0.2362212599814784
 0.2389756936448211
 0.2420694127729282
 0.2455509001141414
 0.2490808595182866
 0.2527006318643989
 0.2563553021371573
 0.2598531952939874
 0.2629744304809605
 0.2654578671478817
 0.267364888536762
 0.2686377538453827
 0.2692390704247227
 0.269152021801784
 0.2683843742131499
 0.266960330925052
 0.2657926792542477
 0.264738965560507
 0.2631332559804697
 0.2610694379484203
 0.2583418484791691
 0.2554399416417065
 0.2521970052263778
 0.2485991636538667
 0.2447361369423816
 0.2409247315745134
 0.2370827037408925
 0.2333043066290363
 0.2305592483885226
 0.228465212954426
 0.2273738087475255
 0.2273000947636928
 0.2277095037066206
 0.2284708961690316
 0.2296777677793117
 0.2313246429753406
 0.233416059347403
 0.2358718664492153
 0.2383228524668606
 0.2412226519653855
 0.2443251394901996
 0.2476889173209149
 0.2512436159490286
 0.2549293336789098
 0.2585205811925122
 0.2618258906972648
 0.264802186553243
 0.2673709463329478
 0.2693746652317857
 0.2706014647753686
 0.2711604060737088
 0.2710397006459075
 0.2702664153624976
 0.2697633165545404
 0.2694192244642215
 0.268470849767141
 0.2670506199349397
 0.2649110194230081
 0.2625341314123734
 0.2597139179812407
 0.2564248729837871
 0.2526819432189425
 0.248843243534098
 0.2451502014870539
 0.2425068163668271
 0.239626959735005
 0.2365941997870281
 0.2335179854032176
 0.2315190968448113
 0.2307967016892575
 0.2303546328244604
 0.2303144470491723
 0.2307192173068464
 0.231626735283403
 0.2330521168934458
 0.2350010185428097
 0.2370402464737711
 0.239423582100578
 0.2422269332671965
 0.2453485262020796
 0.248767668886183
 0.2522464277329857
 0.255564095519163
 0.2586518662147779
 0.2614192042338423
 0.2638087665440143
 0.2657880616196326
 0.2673263214628898

