# Created by Octave 3.0.5, Wed Dec 02 00:10:08 2009 CET <scherrer@pcbruno>
# name: rbf_200ech_br_vpi
# type: cell
# rows: 1
# columns: 9
# name: <cell-element>
# type: matrix
# rows: 151
# columns: 1
 1.16700793432254
 5.030207211603922
 5.416595146278009
 5.416595146278009
 5.323033959357522
 5.137317757786501
 4.72198914210909
 3.07278292194496
 0.08118066661589324
 0.02118264628809319
 0.005295661572023297
 0.005295661572023297
 0
 0.005295661572023297
 0.005295661572023297
 0
 0.2774493327679993
 1.387246663839996
 2.219594662143994
 2.774493327679993
 2.774493327679993
 2.774493345195183
 2.774493345195183
 2.774493191995187
 3.050516417428626
 3.050516417428626
 2.502339503284019
 2.502339350084023
 2.502339196884026
 2.219594202544005
 2.497042922512017
 2.49704276931202
 2.497040093612938
 2.497037417913856
 2.502330403786796
 2.502329065937254
 2.502293926172445
 2.774446106318884
 2.52527485877951
 2.026958363776385
 2.026958363776385
 1.540625405598416
 1.30337510518139
 1.30337510518139
 0.8169012918609152
 0.8287975767571807
 0.8644747692577065
 0.8644747692577065
 0.8644747692577065
 0.8644747692577065
 0.8644747692577065
 0.8526103489800054
 0.8526103489800054
 0.8526103489800054
 0.8526103489800054
 0.8407896538243571
 1.078053127247848
 0.8051778996684172
 0.7940046621532345
 1.269669316808131
 1.02050955851433
 1.031682776260856
 1.019862081105208
 0.9962207083091016
 0.9838154816332871
 1.237492513439374
 1.509570268752038
 1.78172397320379
 2.042057102444115
 2.070377569563558
 1.810044608810909
 1.8100446263261
 2.06423092296022
 2.052410560259508
 1.667331877534833
 1.943355433090792
 1.733888914637785
 2.006042432633765
 2.189278878322608
 2.177458324449311
 2.003358426902776
 2.003357771028055
 2.003357771028055
 1.99219470467756
 1.992194857877558
 1.714744187260017
 1.725917424749245
 1.71939239116562
 1.719383404676429
 1.719383404676429
 1.991536922672408
 1.482057514518787
 1.493878209674437
 1.228325161802703
 1.228325008602706
 1.477370171095741
 1.74952235124218
 2.026970346160638
 2.026092375723256
 2.026092393238446
 2.037913088394094
 2.037901426205823
 2.287036349330844
 2.062667418642009
 1.813560958142724
 1.576310657725699
 1.576309319876158
 1.078080076801921
 0.8058639691031365
 0.8295809491550504
 1.066278455531411
 1.326524026442852
 1.316429300315864
 1.039074402100579
 0.7899278167872881
 0.8018427932956527
 1.017250041882183
 1.074719358698668
 1.062823073802403
 1.339040570609767
 1.339040570609767
 1.351015984152677
 1.350914561332421
 1.577495047408178
 1.565674352226575
 1.565674352226575
 1.564797719638734
 1.552977024483086
 2.049988789024735
 2.013809557283341
 2.002636319794113
 1.768083055520346
 1.768082749120352
 2.052211833833284
 1.327311831169921
 1.303576159505909
 1.303573501322017
 1.27993211101072
 1.268758873521492
 1.268747230847963
 1.89788414014844
 2.549829644135536
 1.916221314577869
 2.211766143313101
 2.038389312688346
 2.03849007963388
 2.050322285777354
 2.050322285777354
 1.801238117452129
 1.801236779602588
 1.837416810946626

# name: <cell-element>
# type: matrix
# rows: 151
# columns: 1
 1.16700793432254
 5.075409529833757
 5.416620862542022
 5.414426442030966
 5.203538747093935
 5.001408877667475
 3.482961567217747
 0.103527141594349
 0.02647830786011648
 0.005295661572023297
 0.01059132314404659
 0.005295661572023297
 0.005295661572023297
 0.005295661572023297
 0
 0.8323479983039979
 1.664695996607995
 2.774493327679993
 2.774493327679993
 2.774493345195183
 2.774493345195183
 2.774493191995187
 2.774493191995187
 2.774493191995187
 2.502339503284019
 2.502339196884026
 2.502338890484033
 2.497043075712014
 2.49704276931202
 2.497037417913856
 2.497036080064314
 2.502329065937254
 2.502317250548987
 2.502292588322904
 2.774434444130613
 2.276117949127489
 2.038854648672651
 1.789771990911707
 1.30337510518139
 1.054228519868099
 1.077945499920013
 0.8525901465497119
 0.8525901465497119
 0.8644864314459775
 0.8644747692577065
 1.113653219189562
 1.101756934293296
 1.101756934293296
 1.101756934293296
 0.8526103489800054
 1.089949412144114
 1.327212885515695
 1.292737328401385
 1.281564090886203
 1.269743395756509
 1.292737308658684
 1.257275223191739
 0.983815464144052
 0.9726422441700144
 1.498472947146122
 1.793620378044276
 2.065774082470074
 1.792897379154738
 1.821217863815327
 1.8100446263261
 1.798223931170451
 1.768069412723988
 1.957180888460178
 1.665073037248953
 2.028400569800491
 2.188641742995366
 2.449622319984016
 2.264350389112539
 2.003369280016329
 1.742390490559115
 1.45906358187391
 1.720041339881578
 1.442592007113579
 1.714746862959098
 1.714746862959098
 1.72003220019239
 1.714736709335555
 1.992186042103555
 1.743039456790266
 1.477486408918531
 1.75350994895885
 1.764681848598538
 1.764681848598538
 2.04213102816654
 1.874121172993046
 1.777926692232331
 1.777924016533249
 2.015885702169041
 2.027781987065306
 2.027758509488768
 1.755503397957344
 1.501061151072031
 1.501061151072031
 1.026559212388439
 1.292213529880432
 1.292213529880432
 1.304098152588427
 1.298821182628504
 1.03793652132401
 0.8006106311663671
 0.8006092933168258
 1.293465721471359
 1.565619239467338
 1.5775156775636
 1.565619392667334
 1.790866466762204
 1.790854804573933
 1.541708219260642
 1.529887524104993
 1.515958207174918
 1.515958207174918
 1.515958207174918
 1.515958206946957
 1.515958034232219
 1.280427528216473
 1.043243183465582
 1.57637430626923
 1.55273306915793
 1.540836801776855
 1.540835463927314
 1.529662226438086
 1.801805422094886
 2.314439367783123
 2.31260517679815
 2.211867578051003
 1.950900438864415
 1.528376869726372
 1.529087599070417
 1.529087601069968
 1.540260665844457
 1.540272328032728
 1.540272328032728
 2.074125177909063
 2.350151360392685
 2.36206633690105
 2.362066183701053
 2.351858372565536
 2.350626536604902
 2.073177203836902
 1.801022347991383
 1.573576482008178
 1.561680197111912
 1.532637115438448
 1.804790633408472
 2.065734589500871
 1.804753990385124

