# Created by Octave 3.0.5, Wed Dec 02 00:10:08 2009 CET <scherrer@pcbruno>
# name: rbf_200ech_br_vk
# type: cell
# rows: 1
# columns: 9
# name: <cell-element>
# type: matrix
# rows: 151
# columns: 1
 5.935147923671208
 5.88950720451764
 5.841686319329978
 5.788690579830785
 5.730809099113329
 5.668757775503606
 5.609489227592139
 5.552283617354623
 5.495744059799472
 5.44012679861745
 5.385132184101552
 5.332749915331901
 5.28306078760868
 5.235322332832784
 5.188055792626986
 5.141409663545842
 5.093845678236465
 5.05152128168092
 5.012671028256972
 4.976112458999872
 4.940521325375125
 4.907887309880278
 4.877502412340894
 4.848030553875936
 4.819526494758725
 4.79188538071065
 4.764704294964441
 4.737660322814316
 4.710466078353419
 4.682796921375261
 4.65445184846366
 4.625122146803145
 4.594665007126152
 4.563099633149369
 4.530613786402313
 4.497435034582279
 4.463861359780624
 4.429340881037812
 4.394975747955632
 4.359613640042816
 4.323090758034713
 4.285166464837956
 4.246267030511683
 4.20793535637494
 4.169754513748568
 4.132105767338909
 4.094887144166107
 4.056048783813236
 4.016538598252726
 3.976805951051924
 3.935047972974832
 3.890622927349036
 3.842618611187603
 3.792059538604507
 3.738564071226321
 3.683600022775122
 3.626627159481478
 3.565883239572577
 3.505355573198663
 3.444263433624254
 3.382407149122217
 3.323006835439762
 3.264330320318499
 3.206577234688582
 3.149362805045385
 3.094140714142708
 3.037815304885536
 2.982603838025162
 2.934191763082616
 2.886904147921453
 2.840463463783317
 2.795932696529085
 2.755464446920863
 2.723110527797613
 2.689008074406589
 2.655131823830215
 2.624367460415291
 2.595051481720491
 2.564684098608541
 2.536608388079278
 2.508698039974417
 2.480591702150518
 2.453774509680424
 2.42810632234823
 2.407085270212218
 2.387051423727174
 2.368837726001207
 2.349880356881726
 2.331889746515792
 2.315679457827694
 2.302328118052692
 2.287528082998869
 2.274599818437642
 2.261565635101365
 2.248012625020335
 2.233715880108608
 2.21820479343365
 2.204149516229409
 2.189457288678106
 2.173979820982963
 2.157832354584098
 2.141836547066069
 2.125162279857179
 2.108015786362723
 2.08998511976278
 2.071053915471758
 2.052650335091469
 2.032105981551029
 2.009890009894921
 1.985299345273017
 1.961508478129737
 1.937914048781924
 1.914437495149702
 1.893845936009111
 1.872136028057168
 1.848201108536769
 1.824071688051752
 1.799635557285076
 1.774134358328513
 1.747272823417285
 1.719208696984309
 1.691164977012325
 1.662478071083263
 1.634870941174959
 1.609272088548781
 1.582654276254101
 1.555328733215735
 1.527130794316856
 1.501908998883899
 1.474440528957903
 1.448000684241747
 1.421830994599442
 1.396019206119935
 1.37090214108748
 1.345605447169424
 1.325256824043801
 1.308042419081065
 1.292713489632642
 1.27847085785755
 1.263988523260815
 1.25349400253887
 1.241758521040269
 1.22777668210439
 1.212527856536625
 1.197778150421854
 1.186571559887405
 1.179147949211606
 1.172547919279919
 1.164539610803091
 1.155010020489527
 1.144548499902624

# name: <cell-element>
# type: matrix
# rows: 151
# columns: 1
 5.935147923671208
 5.884823138902678
 5.831067761016275
 5.7704288724648
 5.703852285606598
 5.635268433346178
 5.570230588205685
 5.507309606554613
 5.444483209424806
 5.383963312657911
 5.326299016535828
 5.271566458417047
 5.219374320326557
 5.166811097655006
 5.115206918785844
 5.06663537369104
 5.023177137203774
 4.98255977535301
 4.943392890059704
 4.906747330374857
 4.873103965746621
 4.840487022004647
 4.808868866617815
 4.778082201002981
 4.74748544649897
 4.716393151693526
 4.684674842817572
 4.652032212156566
 4.618157621730431
 4.582932328745154
 4.546550757554678
 4.509292402054847
 4.471542254187731
 4.433753099789908
 4.395294269983261
 4.356288360183245
 4.316026321234411
 4.27409426343888
 4.231195865490553
 4.187942855227337
 4.145619649944474
 4.10459979157295
 4.06297756365699
 4.019793128692218
 3.973985926177672
 3.926260123463682
 3.875155767262894
 3.820536920231645
 3.763729361515987
 3.703221815328623
 3.641345805651258
 3.576389733558195
 3.508251238892123
 3.441795851464874
 3.373158500690733
 3.305939155047779
 3.241230801996172
 3.181403905254196
 3.118196415192528
 3.060991726511422
 3.00453458326446
 2.951422518114746
 2.900065554175494
 2.848452698160999
 2.799501228009477
 2.755153884382742
 2.716399777913429
 2.676722516733111
 2.636402271316247
 2.599073245454663
 2.562729624813022
 2.531699600170595
 2.502131852321714
 2.471932898319953
 2.442354754043953
 2.414886196429129
 2.387943838050358
 2.360603366497946
 2.336722062161172
 2.314248709366991
 2.294081930768841
 2.276535071195298
 2.261119514257834
 2.246058029501438
 2.229923263967247
 2.213561774746061
 2.196135893536572
 2.178947226460359
 2.164259408883359
 2.153558924462986
 2.141978946451986
 2.128554056044473
 2.11252709015723
 2.095458986689607
 2.078959367584901
 2.062345791898483
 2.045067051062314
 2.027482984005246
 2.008177420872858
 1.985052968951848
 1.962311693754829
 1.940349254535335
 1.91970351370962
 1.902147564399649
 1.882539772244531
 1.860919613443803
 1.838484504136493
 1.813141615770085
 1.786229673443317
 1.757649664134442
 1.72721479456368
 1.695626212585511
 1.666534995805831
 1.635920371540526
 1.603157695386985
 1.572777980213862
 1.540425287804154
 1.511855019997257
 1.485169893418376
 1.461555946622523
 1.433910078311586
 1.407025193522955
 1.380979563309797
 1.357786694919812
 1.333607193051991
 1.314253337904201
 1.299419786018301
 1.28187072449446
 1.261293874028752
 1.24105489888063
 1.218116877324536
 1.19472371113274
 1.176271867802827
 1.159132158393945
 1.143251490519209
 1.127176730199018
 1.113104710263119
 1.107846176093799
 1.103972510279898
 1.097524366577596
 1.087503122891896
 1.074086346623137
 1.057883058378349
 1.043013655748528
 1.027000844784228
 1.015462660736332
 1.004436437646834
 0.9923078653009149
 0.9771154151440548
 0.9649937519903092
 0.9548760756671683

