# Created by Octave 3.0.5, Tue Dec 01 19:08:06 2009 CET <scherrer@pcbruno>
# name: rbf_200ech_fp_vk
# type: cell
# rows: 1
# columns: 9
# name: <cell-element>
# type: matrix
# rows: 151
# columns: 1
 1.194264867211606
 1.148624148058039
 1.102835180519066
 1.054142905738802
 1.003114402539686
 0.9503075103091774
 0.8986805571353443
 0.8518823813274629
 0.8085289046031346
 0.7683418866562518
 0.7306939181233113
 0.6962542053060664
 0.6645930279738297
 0.6354588538738226
 0.6076536221674576
 0.5805915106754177
 0.554958208131593
 0.5366752548823205
 0.5244917401828126
 0.5140532739138026
 0.5066985994072321
 0.5009655361694486
 0.49606952538125
 0.491409716339513
 0.4868998370409048
 0.4823175103464377
 0.4774547017696941
 0.4722897346649029
 0.4668706403166979
 0.4612943825885243
 0.455653949459497
 0.4500684891304607
 0.4445929887164813
 0.4391520005655566
 0.4338306787255787
 0.4286756107214645
 0.4237431162892218
 0.4187854161132855
 0.4136669586641183
 0.4083304101135141
 0.4026223197863574
 0.3963948957508102
 0.3893134329360576
 0.3816256768289371
 0.3731742706938724
 0.3649990887964448
 0.3577794508145921
 0.3507568151521678
 0.3431777821352657
 0.3352820922420936
 0.3268383527901165
 0.3180966689157768
 0.3102068268798169
 0.3020029043928005
 0.2934353237243167
 0.2845510883027839
 0.2758964538871662
 0.2673955711154204
 0.2593388017468484
 0.2516422467412624
 0.2440971598020812
 0.237777261331343
 0.2332515023642361
 0.2305223214288153
 0.2281334552732485
 0.2259925025890377
 0.2265367614055064
 0.2278060676693489
 0.2294911948367954
 0.2312049358999368
 0.2332991705551807
 0.2356049679708028
 0.2382074023930813
 0.2412006281577415
 0.2443437554809145
 0.2477338005281273
 0.2511910889694741
 0.2546715456538958
 0.2580010551225042
 0.261012237641867
 0.2636539770670239
 0.2658545611863324
 0.2675601413152804
 0.2687293310724522
 0.2693374142308836
 0.2693654214210962
 0.2686754864560117
 0.2677485338243963
 0.2672334056882896
 0.2666109312571836
 0.2655659885111405
 0.2640970808791523
 0.2620786852140161
 0.259652907604975
 0.2570115667240119
 0.2539299833858553
 0.2504238060834854
 0.2466454423527507
 0.2429685642180605
 0.2391429926608379
 0.235278698282268
 0.2320574672347145
 0.2296278576157032
 0.2274016767178391
 0.2259385838576403
 0.2256421646514624
 0.2255237500223068
 0.225784115718359
 0.2264005633176884
 0.2274185503276698
 0.228840808015909
 0.2306716006042771
 0.2329006399073811
 0.2355105189725805
 0.2384655130530758
 0.2417283628962952
 0.2452466642308803
 0.2489587245816231
 0.2527894434201079
 0.256636746507618
 0.2602754509502025
 0.2636033885250146
 0.2665201144668859
 0.2689524731145918
 0.2708436626491232
 0.2721535551687484
 0.2728273795314527
 0.2727888657192668
 0.2721610856521855
 0.2716163083058002
 0.271465889173751
 0.2708425992791036
 0.2699498405237883
 0.2685102963614388
 0.2664903544249789
 0.26419358394619
 0.2615372733705183
 0.2584249893222217
 0.2548478070066535
 0.2511481472047987
 0.2473390212965151
 0.2435304842871177
 0.2405736127544367
 0.2377125189531482
 0.2349077565663745
 0.2320491064761487
 0.2296464981207277
 0.2285890214729112
 0.2278716562918709
 0.2273811604710452
 0.2272393728695669

# name: <cell-element>
# type: matrix
# rows: 151
# columns: 1
 1.194264867211606
 1.144166512403263
 1.093266924211423
 1.038437318507343
 0.9809912681052151
 0.9221339054134311
 0.867766777672886
 0.8184874335059592
 0.77297590614464
 0.7314424232216112
 0.693334821915172
 0.65862389227476
 0.6268902316221451
 0.5962282063057387
 0.567060125866641
 0.5443337972000499
 0.5301344947123507
 0.5180892262831205
 0.5096721180868072
 0.5033373223306548
 0.4975949942463453
 0.4922041833140632
 0.4869490455833835
 0.4815335810294893
 0.475844150444333
 0.4698935193167578
 0.463785735377175
 0.4576226266501358
 0.4515408709789952
 0.4454586520835198
 0.4394961513893675
 0.4336754243332449
 0.4280808894814112
 0.4225532950138265
 0.4168762430331094
 0.4108490600927963
 0.4043866921603994
 0.3972822667005401
 0.3891814550227984
 0.3802909216384763
 0.3704852852355399
 0.3618960676494115
 0.3540406475956396
 0.3456488218500952
 0.3368411437093982
 0.3273578997216532
 0.3174811427988249
 0.3085826908772409
 0.2992082828688299
 0.2893948824714886
 0.2794468788502318
 0.2699130908044727
 0.2606738444673024
 0.2521330052373097
 0.2438081556745864
 0.2378364623748668
 0.2332319406231219
 0.2304031321001898
 0.2278653040954251
 0.2266623073403535
 0.2278597368212839
 0.2297303893168121
 0.2317235630664313
 0.2341187033070478
 0.2367953001962551
 0.2397868375585494
 0.2431714776225927
 0.2467912890973943
 0.2505186532126294
 0.2543789809947664
 0.2580528277111543
 0.2613121770826918
 0.2640919181204726
 0.2663007880615274
 0.2678744771078759
 0.2687799864008439
 0.2691396297617232
 0.2686624267080871
 0.2675920826367822
 0.2668945172675047
 0.2660818674566304
 0.2649117042779879
 0.2631035479716179
 0.2606242697243674
 0.2578938483448993
 0.2546450317521929
 0.2508744255006728
 0.2467420931185352
 0.2427069982088989
 0.2385160760446174
 0.2343184847252699
 0.2312198939681603
 0.2286512367591996
 0.2272393365736347
 0.2267113491390148
 0.2265324906306372
 0.2267559967336323
 0.2274375147434402
 0.2286074383017577
 0.2302798607817514
 0.2324524360271881
 0.2351027342163452
 0.2381890811928174
 0.2416644463250729
 0.2454573603598521
 0.2494881201745802
 0.2536692650274441
 0.2577758126810165
 0.2615225266537619
 0.2648252868968501
 0.2675688519395996
 0.2696715179542135
 0.2710763579472837
 0.2717553858918469
 0.2716197948930787
 0.2709323512126026
 0.270562198662911
 0.2702442910401541
 0.269459633849142
 0.2680630777623584
 0.2659744712884415
 0.2635387233237214
 0.2606312155175297
 0.2571554409327075
 0.2531585610488154
 0.24918359042341
 0.2449461114429074
 0.2415419646562335
 0.2383277601864071
 0.235190917630637
 0.2322151194960693
 0.2302284113494921
 0.2292594882403142
 0.2285915424231782
 0.2283486681804912
 0.228586801767112
 0.2293681805692933
 0.2307098357904729
 0.2326137485744092
 0.2350598106117345
 0.2380217301854431
 0.2414516113591042
 0.2451044876519958
 0.2490407082182293
 0.2531060239369069
 0.2569873718478538
 0.2606081312331898
 0.2638626335092119
 0.266637185479436
 0.2687694401359914
 0.2701526994024684

