# Created by Octave 3.0.5, Mon Nov 30 18:59:13 2009 CET <scherrer@pcbruno>
# name: rbf_200ech_fp_vpi
# type: cell
# rows: 1
# columns: 9
# name: <cell-element>
# type: matrix
# rows: 151
# columns: 1
 1.16700793432254
 5.030207211603922
 5.416595146278009
 5.416595146278009
 5.323033959357522
 5.137317757786501
 4.72198914210909
 3.07278292194496
 0.08118066661589324
 0.02118264628809319
 0.005295661572023297
 0.005295661572023297
 0
 0.005295661572023297
 0.005295661572023297
 0
 0.2774493327679993
 1.387246663839996
 2.219594662143994
 2.774493327679993
 2.774493327679993
 2.774493345195183
 2.774493345195183
 2.774493191995187
 3.050516417428626
 3.050516417428626
 2.502339503284019
 2.502339350084023
 2.502339196884026
 2.219594202544005
 2.497042922512017
 2.49704276931202
 2.497040093612938
 2.497037417913856
 2.502330403786796
 2.502329065937254
 2.502293926172445
 2.774446106318884
 2.52527485877951
 2.026958363776385
 2.026958363776385
 1.540625405598416
 1.30337510518139
 1.30337510518139
 0.8169012918609152
 0.8287975767571807
 0.8644747692577065
 0.8644747692577065
 0.8644747692577065
 0.8644747692577065
 0.8644747692577065
 0.8526103489800054
 0.8526103489800054
 0.8526103489800054
 0.8526103489800054
 0.8407896538243571
 1.078053127247848
 0.8051778996684172
 0.7940046621532345
 1.269669316808131
 1.02050955851433
 1.031682776260856
 1.019862081105208
 0.9962207083091016
 0.9838154816332871
 1.237492513439374
 1.509570268752038
 1.78172397320379
 2.042057102444115
 2.070377569563558
 1.810044608810909
 1.8100446263261
 2.06423092296022
 2.052410560259508
 1.667331877534833
 1.943355433090792
 1.733888914637785
 2.006042432633765
 2.189278878322608
 2.177458324449311
 2.003358426902776
 2.003357771028055
 2.003357771028055
 1.99219470467756
 1.992194857877558
 1.714744187260017
 1.725917424749245
 1.71939239116562
 1.719383404676429
 1.719383404676429
 1.991536922672408
 1.482057514518787
 1.493878209674437
 1.228325161802703
 1.228325008602706
 1.477370171095741
 1.74952235124218
 2.026970346160638
 2.026092375723256
 2.026092393238446
 2.037913088394094
 2.037901426205823
 2.287036349330844
 2.062667418642009
 1.813560958142724
 1.576310657725699
 1.576309319876158
 1.078080076801921
 0.8058639691031365
 0.8295809491550504
 1.066278455531411
 1.326524026442852
 1.316429300315864
 1.039074402100579
 0.7899278167872881
 0.8018427932956527
 1.017250041882183
 1.074719358698668
 1.062823073802403
 1.339040570609767
 1.339040570609767
 1.351015984152677
 1.350914561332421
 1.577495047408178
 1.565674352226575
 1.565674352226575
 1.564797719638734
 1.552977024483086
 2.049988789024735
 2.013809557283341
 2.002636319794113
 1.768083055520346
 1.768082749120352
 2.052211833833284
 1.327311831169921
 1.303576159505909
 1.303573501322017
 1.27993211101072
 1.268758873521492
 1.268747230847963
 1.89788414014844
 2.549829644135536
 1.916221314577869
 2.211766143313101
 2.038389312688346
 2.03849007963388
 2.050322285777354
 2.050322285777354
 1.801238117452129
 1.801236779602588
 1.837416810946626

# name: <cell-element>
# type: matrix
# rows: 151
# columns: 1
 1.16700793432254
 5.037775693860909
 5.416595146278009
 5.414426442030966
 5.203538747093935
 5.001408877667475
 3.482961567217747
 0.1147003790835768
 0.02647830786011648
 0.005295661572023297
 0
 0.005295661572023297
 0.005295661572023297
 0
 0
 0.8323479983039979
 1.664695996607995
 2.497043994911993
 2.774493327679993
 2.774493327679993
 2.774493345195183
 2.774493191995187
 2.774493191995187
 2.774493191995187
 2.502339350084023
 2.497043535312004
 2.49704322891201
 2.497042922512017
 2.49704276931202
 2.497038755763397
 2.502330403786796
 2.502329065937254
 2.774447444168425
 2.774446106318884
 2.525286520967781
 2.026958363776385
 2.026958363776385
 1.552521690494681
 1.30337510518139
 1.054215519830287
 0.8287859145689098
 0.8644747692577065
 0.8644747692577065
 0.6153281839444155
 0.6153281839444155
 0.6272431604527801
 0.8526103489800054
 0.8526103489800054
 0.8526103489800054
 0.8526103489800054
 0.8526859387206227
 1.078053127221893
 1.031268135576725
 1.269669316808131
 0.7713498002205285
 1.019862081105208
 0.9961451010532939
 0.9830924342262495
 1.236769466032336
 1.509570268752038
 1.497749760052163
 2.042056949244118
 2.058556874407909
 1.798223913655261
 2.070377449166431
 2.289381344937615
 2.313390675329152
 2.204335618607164
 1.839879257223424
 2.006042432633765
 1.917125513526626
 2.177458477649308
 2.00336993589105
 2.003369433216326
 1.725920100448326
 1.99219470467756
 1.731214577370807
 1.453765244602807
 1.702924829953908
 1.7082101671872
 1.719383251476432
 1.459050428636102
 1.743037967740279
 1.477484766668548
 1.477483428819007
 1.753506970560103
 2.01265175073871
 2.177791663777659
 2.288039222164572
 2.026945701449745
 2.026945701449745
 2.038766396605393
 2.038754734417123
 1.789608149103832
 1.52935074528893
 1.55314197723192
 1.043016449261419
 1.031120164365153
 1.054837144417067
 1.042940859520802
 1.043030620152788
 1.02581284060486
 1.025824502793131
 1.025856367411695
 1.002786845026202
 1.280236024594204
 1.563409194898608
 1.563409348098604
 1.551576990754686
 1.551576990728731
 1.565775621846835
 1.565775621846835
 1.82665447953333
 1.578174280973834
 1.578174434173831
 2.013957577327307
 2.013080944739466
 2.296757999786291
 2.296757999760336
 2.296756526200033
 1.823239516920858
 1.574079758627057
 1.562257725621867
 1.266462646599403
 0.9942972956999657
 1.168789798243162
 1.424474570377887
 1.806898974998169
 1.557752407200068
 1.308978876132191
 1.326172160450019
 1.587151105106781
 1.85930462310276
 1.598322985231728
 1.587878360286375
 1.32234400402674
 1.58332294668395
 1.573126797736705
 1.573126797736705
 1.63588026713694
 1.589566680847126
 1.588336029536034
 1.600156724691682
 1.31524215604295
 1.303344704012332
 1.275041956557624
 1.27504195653167
 0.9791642583447598
 0.9738685967727374
 0.7128764811350166
 0.9903258314182062

