# Created by Octave 3.0.5, Tue Dec 01 19:08:07 2009 CET <scherrer@pcbruno>
# name: rbf_200ech_fp_vpi
# type: cell
# rows: 1
# columns: 9
# name: <cell-element>
# type: matrix
# rows: 151
# columns: 1
 0.7508836059503116
 0.9744246534312867
 0.8073131644464918
 0.8073131644464918
 0.7858419494402489
 0.7525388070574333
 0.7436126686469779
 0.6338895401965565
 0.1281354419285868
 0.02350787518167522
 0.01343307153238584
 0.006716535766192919
 0.006716535766192919
 0.006716535766192919
 0.00335826788309646
 0.00335826788309646
 0.00335826788309646
 0
 0.05432302816106227
 0.1086460563221245
 0.1629690844831868
 0.2716151408053114
 0.2716151408053114
 0.2716151408053114
 0.2716151408053114
 0.2172921103691363
 0.1629690799329613
 0.1629690799329613
 0.1629690799329613
 0.166327345540945
 0.1730438813071379
 0.1797604170733308
 0.1797604004215278
 0.2340834263074773
 0.2340833930038713
 0.2340833930038713
 0.2482438676573953
 0.2114396176116722
 0.2661912035483108
 0.2223067078499242
 0.1784222121515376
 0.1855024744560041
 0.1930112968111596
 0.1930112968111596
 0.1566356234679286
 0.1566356234679286
 0.1641444458230842
 0.1791620738815923
 0.1866708962367479
 0.1866708962367479
 0.1937511418894114
 0.1937511418894114
 0.1937511418894114
 0.1862423195342558
 0.1423578238358692
 0.1423578238358692
 0.1423578238358692
 0.1423578238358692
 0.1348490014807137
 0.1273401791255581
 0.1202599334728946
 0.1277687558280502
 0.1787335138309032
 0.1787335138309032
 0.1787335138309032
 0.1787335138309032
 0.1712246914757477
 0.1637158691205921
 0.2000915424638231
 0.2071717881164866
 0.2071717881164866
 0.199662965761331
 0.1921541267543725
 0.1921541267543725
 0.1921541267543725
 0.1921541267543725
 0.1921541267543725
 0.1921541267543725
 0.1921541267543725
 0.2435474448079146
 0.2435474448079146
 0.2435474448079146
 0.2435474448079146
 0.199662949109528
 0.199662949109528
 0.2071717714646836
 0.2071717714646836
 0.2221894161749947
 0.1858137428317637
 0.1933225651869193
 0.1933225651869193
 0.1933225651869193
 0.2008313875420749
 0.1569468918436883
 0.1569468918436883
 0.1494380694885327
 0.1494380694885327
 0.1494380694885327
 0.1494380694885327
 0.1494380694885327
 0.1494380694885327
 0.1494380694885327
 0.1423578238358692
 0.1933225818387223
 0.1933225818387223
 0.1933225818387223
 0.1858137594835667
 0.1858137594835667
 0.1707961147732556
 0.1707961147732556
 0.1707961147732556
 0.1707961147732556
 0.1632872924181
 0.1557784700629444
 0.199662949109528
 0.199662949109528
 0.1921541267543725
 0.2360386224527591
 0.2799231348029486
 0.2799231181511456
 0.2799231181511456
 0.2435474448079146
 0.2435474448079146
 0.2435474448079146
 0.2435474448079146
 0.2510562671630702
 0.2949407628614568
 0.2949407628614568
 0.2510562671630702
 0.2660739118733813
 0.2660739118733813
 0.2660739118733813
 0.2221894161749947
 0.1783049204766081
 0.1494380694885327
 0.1494380694885327
 0.1419292471333771
 0.1419292471333771
 0.1419292471333771
 0.1494380694885327
 0.1494380694885327
 0.1494380694885327
 0.1569468918436883
 0.1569468918436883
 0.1423578238358692
 0.1933225818387223
 0.1933225818387223
 0.1933225818387223
 0.1858137594835667
 0.1858137594835667
 0.1783049371284111

# name: <cell-element>
# type: matrix
# rows: 151
# columns: 1
 0.7508836059503116
 0.8911239835727972
 0.8073131644464918
 0.8072644438250829
 0.7589585819937679
 0.7524602292941596
 0.6614694920454833
 0.1558502204609557
 0.02350787518167522
 0.01007480364928938
 0.006716535766192919
 0.006716535766192919
 0.006716535766192919
 0.00335826788309646
 0.00335826788309646
 0
 0.05432302816106227
 0.1086460563221245
 0.1629690844831868
 0.2716151408053114
 0.2716151408053114
 0.2716151408053114
 0.2172921103691363
 0.2172921080940236
 0.1629690799329613
 0.1629690799329613
 0.166327345540945
 0.1764021491902344
 0.1797604170733308
 0.2307251584243808
 0.2340834096556743
 0.2340833930038713
 0.2482438676573953
 0.2043593719590087
 0.2661912035483108
 0.2223067078499242
 0.1784222121515376
 0.1855024744560041
 0.1930112968111596
 0.1566356234679286
 0.1566356234679286
 0.1641444291712812
 0.1791620738815923
 0.1866708962367479
 0.1866708962367479
 0.1937511418894114
 0.1937511418894114
 0.1937511418894114
 0.1423578238358692
 0.1423578238358692
 0.1423578238358692
 0.1423578238358692
 0.1348490014807137
 0.1273401791255581
 0.1202599334728946
 0.1277687558280502
 0.1787335138309032
 0.1787335138309032
 0.1787335138309032
 0.1787335138309032
 0.1637158691205921
 0.1562070467654365
 0.2071717881164866
 0.199662965761331
 0.1921541267543725
 0.1921541267543725
 0.1921541267543725
 0.1921541267543725
 0.1921541267543725
 0.1921541267543725
 0.1921541267543725
 0.2435474448079146
 0.2435474448079146
 0.2435474448079146
 0.2435474448079146
 0.199662949109528
 0.199662949109528
 0.2071717714646836
 0.1707960981214526
 0.1858137428317637
 0.1933225651869193
 0.1933225651869193
 0.1933225651869193
 0.1569468918436883
 0.1569468918436883
 0.1494380694885327
 0.1494380694885327
 0.1494380694885327
 0.1494380694885327
 0.1494380694885327
 0.1494380694885327
 0.1494380694885327
 0.1423578238358692
 0.1933225818387223
 0.1933225818387223
 0.1858137594835667
 0.1858137594835667
 0.1707961147732556
 0.1707961147732556
 0.1707961147732556
 0.1632872924181
 0.1557784700629444
 0.1557784534111414
 0.199662949109528
 0.199662949109528
 0.2360386224527591
 0.2360386224527591
 0.1921541267543725
 0.2435474448079146
 0.2435474448079146
 0.2435474448079146
 0.2435474448079146
 0.2510562671630702
 0.2510562671630702
 0.2510562671630702
 0.2510562671630702
 0.2660739118733813
 0.2660739118733813
 0.1783049204766081
 0.1344204247782216
 0.1494380694885327
 0.1494380694885327
 0.1419292471333771
 0.1419292471333771
 0.1419292471333771
 0.1419292471333771
 0.1494380694885327
 0.1569468918436883
 0.1569468918436883
 0.1423578238358692
 0.1933225818387223
 0.1933225818387223
 0.1933225818387223
 0.1933225818387223
 0.1858137594835667
 0.1783049371284111
 0.1632872924181
 0.1632872924181
 0.1632872924181
 0.163287275766297
 0.163287275766297
 0.1557784534111414
 0.199662949109528
 0.2435474614597176
 0.2435474614597176
 0.2435474614597176
 0.2510562838148732
 0.2949407628614568
 0.2585650895182258
 0.2585650895182258
 0.2949407628614568

