# Created by Octave 3.0.5, Mon Nov 30 18:59:13 2009 CET <scherrer@pcbruno>
# name: rbf_200ech_fp_vk
# type: cell
# rows: 1
# columns: 9
# name: <cell-element>
# type: matrix
# rows: 151
# columns: 1
 5.935147923671208
 5.88950720451764
 5.841686319329978
 5.788690579830785
 5.730809099113329
 5.668757775503606
 5.609489227592139
 5.552283617354623
 5.495744059799472
 5.44012679861745
 5.385132184101552
 5.332749915331901
 5.28306078760868
 5.235322332832784
 5.188055792626986
 5.141409663545842
 5.093845678236465
 5.05152128168092
 5.012671028256972
 4.976112458999872
 4.940521325375125
 4.907887309880278
 4.877502412340894
 4.848030553875936
 4.819526494758725
 4.79188538071065
 4.764704294964441
 4.737660322814316
 4.710466078353419
 4.682796921375261
 4.65445184846366
 4.625122146803145
 4.594665007126152
 4.563099633149369
 4.530613786402313
 4.497435034582279
 4.463861359780624
 4.429340881037812
 4.394975747955632
 4.359613640042816
 4.323090758034713
 4.285166464837956
 4.246267030511683
 4.20793535637494
 4.169754513748568
 4.132105767338909
 4.094887144166107
 4.056048783813236
 4.016538598252726
 3.976805951051924
 3.935047972974832
 3.890622927349036
 3.842618611187603
 3.792059538604507
 3.738564071226321
 3.683600022775122
 3.626627159481478
 3.565883239572577
 3.505355573198663
 3.444263433624254
 3.382407149122217
 3.323006835439762
 3.264330320318499
 3.206577234688582
 3.149362805045385
 3.094140714142708
 3.037815304885536
 2.982603838025162
 2.934191763082616
 2.886904147921453
 2.840463463783317
 2.795932696529085
 2.755464446920863
 2.723110527797613
 2.689008074406589
 2.655131823830215
 2.624367460415291
 2.595051481720491
 2.564684098608541
 2.536608388079278
 2.508698039974417
 2.480591702150518
 2.453774509680424
 2.42810632234823
 2.407085270212218
 2.387051423727174
 2.368837726001207
 2.349880356881726
 2.331889746515792
 2.315679457827694
 2.302328118052692
 2.287528082998869
 2.274599818437642
 2.261565635101365
 2.248012625020335
 2.233715880108608
 2.21820479343365
 2.204149516229409
 2.189457288678106
 2.173979820982963
 2.157832354584098
 2.141836547066069
 2.125162279857179
 2.108015786362723
 2.08998511976278
 2.071053915471758
 2.052650335091469
 2.032105981551029
 2.009890009894921
 1.985299345273017
 1.961508478129737
 1.937914048781924
 1.914437495149702
 1.893845936009111
 1.872136028057168
 1.848201108536769
 1.824071688051752
 1.799635557285076
 1.774134358328513
 1.747272823417285
 1.719208696984309
 1.691164977012325
 1.662478071083263
 1.634870941174959
 1.609272088548781
 1.582654276254101
 1.555328733215735
 1.527130794316856
 1.501908998883899
 1.474440528957903
 1.448000684241747
 1.421830994599442
 1.396019206119935
 1.37090214108748
 1.345605447169424
 1.325256824043801
 1.308042419081065
 1.292713489632642
 1.27847085785755
 1.263988523260815
 1.25349400253887
 1.241758521040269
 1.22777668210439
 1.212527856536625
 1.197778150421854
 1.186571559887405
 1.179147949211606
 1.172547919279919
 1.164539610803091
 1.155010020489527
 1.144548499902624

# name: <cell-element>
# type: matrix
# rows: 151
# columns: 1
 5.935147923671208
 5.884832929021741
 5.831177874320898
 5.77069434532573
 5.704347547497368
 5.635843895664856
 5.570786698361287
 5.508049078871259
 5.445176184981596
 5.384630249533934
 5.326808666822638
 5.271890628565217
 5.219529158196562
 5.166865781267068
 5.115120981759819
 5.06793647590018
 5.026448869966067
 4.986996847088455
 4.948340958474964
 4.914249332738287
 4.880768798915241
 4.848305794143851
 4.816766005037015
 4.786043279415487
 4.755527910681771
 4.724834921510894
 4.693595347317274
 4.6615301570878
 4.628282855176836
 4.59375594914754
 4.558096544008681
 4.521540019949579
 4.484023835894135
 4.445706135338325
 4.407282712878136
 4.367957917671205
 4.327130644058152
 4.284943472567283
 4.241904902933013
 4.199343329727635
 4.156100930973012
 4.114345404210243
 4.071253108478992
 4.027480555275416
 3.983193465404568
 3.935938819186516
 3.884659470815305
 3.829376946838745
 3.769884028775265
 3.708046789229572
 3.646140883882631
 3.580744093497231
 3.513889023222985
 3.445587421753052
 3.376958972993437
 3.308620413724905
 3.243173820280719
 3.177233336800306
 3.113257923065545
 3.051320179536965
 2.98920887664971
 2.933682983979371
 2.880837514051216
 2.829756890709878
 2.782516829519849
 2.74102607634227
 2.704574488364887
 2.666991903277584
 2.634516584172982
 2.603538862087224
 2.571424612407403
 2.541887826614809
 2.515995817028764
 2.489943459266849
 2.46523418239984
 2.441782750241554
 2.4201204707967
 2.399470008879344
 2.377994810728508
 2.358080590822105
 2.338914959248303
 2.322232597656436
 2.305405481159063
 2.28863343725777
 2.270944156831911
 2.252920647328509
 2.235204095237909
 2.219603346270434
 2.202801819410796
 2.185125356883227
 2.166680084041744
 2.148323324044592
 2.130291314727651
 2.10951911672158
 2.088290743310556
 2.06649128850469
 2.04407807173413
 2.021714496181612
 1.999248823127673
 1.976507165626519
 1.952047332650396
 1.92856722378662
 1.905858228585878
 1.881333706415322
 1.85589186092762
 1.828382331303403
 1.798473645227701
 1.768494190704639
 1.738225354961354
 1.708595002726636
 1.678511220305456
 1.651233502729654
 1.623608185333943
 1.597914126097832
 1.570393327737119
 1.544464291067826
 1.515119247643387
 1.482404694850494
 1.451151707052544
 1.423889580397963
 1.399034892451134
 1.377865672718629
 1.357724285735464
 1.338276688729699
 1.319247307842737
 1.29980941700227
 1.285221172352614
 1.268885762864078
 1.251113213241072
 1.233735395968472
 1.218382999459607
 1.209560576101853
 1.200435686304701
 1.189910054176484
 1.178845787027685
 1.166193369037499
 1.151274379811922
 1.13627060567601
 1.120633337632905
 1.102921794895506
 1.086029940484306
 1.068531006540771
 1.052681306597177
 1.036785589318505
 1.02041526979054
 1.004884543241239
 0.9885344107547769
 0.9731739465739273
 0.9573426711946788
 0.9452882966408326
 0.9324691656643934

