# Created by Octave 3.0.5, Tue Dec 01 04:07:29 2009 CET <bruno@midjy>
# name: rbf_500ech_br_vk
# type: cell
# rows: 1
# columns: 9
# name: <cell-element>
# type: matrix
# rows: 151
# columns: 1
 5.935147923671208
 5.889165057380648
 5.839520647375731
 5.784957351342032
 5.725873728155426
 5.665913652910255
 5.608544880736408
 5.553503548520673
 5.497847113561263
 5.442079470714396
 5.387965308880137
 5.335472985461265
 5.286138993948876
 5.239779501905127
 5.193407203963212
 5.14678527733134
 5.101177017003299
 5.054876891207745
 5.010811261150904
 4.971027308120198
 4.936155336745907
 4.902908524212902
 4.870701994731646
 4.840324708281677
 4.811969020713774
 4.784122286898876
 4.756383796224727
 4.728543912546053
 4.700468666788599
 4.672000937870323
 4.643041331996749
 4.613492914094352
 4.583345824116647
 4.552604649648306
 4.52125371963417
 4.489054380000633
 4.456568366432239
 4.423652714539412
 4.390772111655342
 4.358011090329981
 4.325229106175855
 4.29219589576311
 4.258999068226866
 4.22533781177684
 4.19075144548512
 4.155642537068537
 4.120478534549687
 4.085379863478177
 4.049890753566591
 4.01430287702033
 3.978200699113617
 3.942052657607436
 3.903406591642331
 3.861835203152904
 3.818142265584529
 3.771796539974932
 3.723718629682996
 3.674312271789511
 3.623793166532925
 3.570715224561067
 3.515534278378531
 3.458019325239143
 3.400327502124839
 3.342110734197952
 3.284021715940856
 3.228903796888626
 3.172849398975306
 3.119450070350291
 3.065930396280884
 3.013552394506035
 2.960548440602655
 2.907554048923487
 2.857832994126275
 2.808284400113193
 2.764006163132942
 2.720863152028948
 2.679902942675107
 2.639705184087333
 2.60088159704042
 2.566446407456414
 2.536701077751346
 2.510606512863228
 2.485885155863826
 2.462238649794021
 2.441815410904447
 2.423002723102093
 2.405304718372457
 2.388342701025957
 2.371907023328699
 2.355353437015439
 2.341605704906358
 2.327896513586259
 2.315634954487427
 2.304415713997276
 2.29300715168306
 2.280941880029902
 2.267464851050078
 2.252858268582143
 2.239515482076733
 2.226501596253242
 2.213860399076938
 2.200665138708317
 2.187490730766263
 2.17519475111728
 2.162893030647851
 2.149220475124314
 2.133513131137152
 2.116245161332542
 2.097318132591997
 2.076908037272351
 2.054477867657011
 2.029976353130015
 2.002832505534844
 1.973739300217732
 1.943212662857543
 1.91127610595459
 1.878712277354902
 1.844717316977999
 1.810998666515735
 1.777759750963249
 1.744755709566764
 1.711331371662092
 1.678890430708301
 1.646395511356977
 1.61244356952298
 1.577143299953302
 1.543038677326772
 1.51295804335965
 1.483334284499364
 1.453010831973618
 1.423499328149135
 1.39656950997302
 1.372225047088539
 1.348357612304417
 1.326982064185189
 1.309536946236618
 1.294903448408983
 1.279262031185232
 1.263523553499467
 1.246641068187591
 1.231796406363067
 1.216431178312555
 1.199920308241435
 1.185205560296225
 1.175778911219068
 1.167024165877319
 1.161034949573035
 1.153808371944954
 1.146447987008586
 1.140542643634804
 1.135012464964432

# name: <cell-element>
# type: matrix
# rows: 151
# columns: 1
 5.935147923671208
 5.884170229233043
 5.828322190328543
 5.766135883054642
 5.698612458490234
 5.633717714676839
 5.571336926338376
 5.509272548057266
 5.447092842042859
 5.386795614215877
 5.328716162710541
 5.274901847678747
 5.223807898612168
 5.171901188113379
 5.121296696889454
 5.071616310696402
 5.02265083268129
 4.979651320716162
 4.941243300663974
 4.905029043142277
 4.870273267183328
 4.837859912131587
 4.806601245309242
 4.775640242943156
 4.744578296238574
 4.713260387824605
 4.681489462875181
 4.649105828734474
 4.616031886911248
 4.582261168408189
 4.54782065033881
 4.512369720124858
 4.476417826207882
 4.440063096551184
 4.403431747690805
 4.367016500374458
 4.330345605504612
 4.293292131291283
 4.255958371896306
 4.218203963765654
 4.179745698461914
 4.140536932890331
 4.100896543914602
 4.059791613091352
 4.019051784975789
 3.979343618457782
 3.938060024509658
 3.894830920084714
 3.848819791477282
 3.800175871013275
 3.748279955664193
 3.694492856992188
 3.639484356948773
 3.581101662587327
 3.519446435492775
 3.455898722032535
 3.393009424652425
 3.328523353054285
 3.26376177539464
 3.202563506541263
 3.140417636584419
 3.07928446286422
 3.021474241626956
 2.963091226221419
 2.904793611122817
 2.846836431933588
 2.793570883630689
 2.741284502643873
 2.695343555872157
 2.650749418027688
 2.609540939165446
 2.572411757847225
 2.541602921554143
 2.517535393091985
 2.494755314855046
 2.472173319109963
 2.451815904514287
 2.433333962814124
 2.415674094211055
 2.398271760246389
 2.382148079240193
 2.366099756054467
 2.353338988154035
 2.340691665175295
 2.327918007547408
 2.314296577583706
 2.298997521666219
 2.283134633748746
 2.267703254917822
 2.252252963151289
 2.236216008038581
 2.219559473966351
 2.202688029560832
 2.185672705202224
 2.167773025063841
 2.148742316530738
 2.127915203684144
 2.104503618291323
 2.07819267849906
 2.049128040335237
 2.018585787686895
 1.985859192913403
 1.951404840406178
 1.915225265827231
 1.877175685257215
 1.838240730420156
 1.798392662224907
 1.75822985231265
 1.717847012442903
 1.680627665399954
 1.645094455900404
 1.609418532003769
 1.572932193359214
 1.536514904544845
 1.501633606486463
 1.467713412043143
 1.434498228726552
 1.400446950884586
 1.370245920014486
 1.34397057296955
 1.320315873674359
 1.29989127902706
 1.281806682584571
 1.26389058248303
 1.248287508279852
 1.232703859921896
 1.215951680522844
 1.200231676442558
 1.185968869941114
 1.171645817820557
 1.161503050727249
 1.15426258487127
 1.148132592750694
 1.143450245179985
 1.136104400541145
 1.130147866723985
 1.127653211983458
 1.124554895793263
 1.122258630320977
 1.118413850127969
 1.115118157036231
 1.109326271514566
 1.103601823025167
 1.094901076191808
 1.082695956872217
 1.067283179135332
 1.048438534226449
 1.029778397828789
 1.012411717056787
 0.995228224362031
 0.9773601268668968

