# Created by Octave 3.0.5, Tue Dec 01 04:07:29 2009 CET <bruno@midjy>
# name: rbf_500ech_br_vpi
# type: cell
# rows: 1
# columns: 9
# name: <cell-element>
# type: matrix
# rows: 151
# columns: 1
 1.16700793432254
 5.269417970308497
 5.416595146278009
 5.416595146278009
 5.292655249008432
 5.139580642963541
 5.110712073687826
 3.44729872628581
 0.09235390410512111
 0.02647830786011648
 0.01059132314404659
 0
 0
 0
 0
 0
 0.2774493327679993
 0.5548986655359985
 1.109797331071997
 1.942145329375995
 1.942145329375995
 2.219594662143994
 2.224890323716016
 2.224890341231207
 2.230186002803229
 1.952736499320043
 1.675287166552044
 1.675287166552044
 1.669991351780025
 1.664695537008005
 1.664695383808009
 1.669989707530491
 1.669989401130498
 1.67528372485298
 1.947434567149877
 1.947422904961606
 1.963890466173316
 2.230150732515197
 2.230139070326925
 1.980980822825363
 1.743730522408338
 1.482751579751127
 1.517567545401193
 1.540574478083881
 1.303312515478585
 1.31519713818658
 1.077964191532112
 1.089860476428377
 1.101756761324643
 0.852610176011352
 0.8645238146701756
 0.6154411569092308
 0.6154411569092308
 0.8539179278812543
 0.864506633876271
 0.8764029187725365
 0.8420044621910842
 0.8525931681861009
 0.8525931681861009
 0.8525931681861009
 0.8288005983935697
 0.8169043134713493
 0.8288005983676148
 0.5796408400478583
 0.5796408400478583
 0.3068396914427601
 0.2950189962871119
 0.2594057313389324
 0.2482324938497046
 0.7583723597075591
 0.7353785802626797
 1.279685616254638
 1.279685922654632
 1.256044549858526
 1.244871465569294
 1.769978985479513
 2.019062981089999
 2.291216516601169
 2.580517297509095
 2.017228805845611
 2.035940969797756
 1.923016069966903
 1.923016211249254
 2.172174629466003
 1.986901889519806
 1.980378193785721
 1.980378193785721
 1.708223184740205
 1.975078212265082
 1.963905127975853
 1.958609313203833
 2.224859237691793
 2.224860575541335
 2.224860575541335
 2.24785450818621
 1.998696260684648
 2.288041878348913
 1.801644992618596
 1.801644992618596
 1.801629316881702
 1.801629316881702
 1.813525601777968
 1.825421904189424
 1.576275318876133
 1.304121630164965
 1.310710591300938
 1.310687266924396
 1.061540528411108
 0.8123939430978171
 0.8123939430978171
 0.5685430193565494
 0.5685416815070081
 1.089854957822744
 0.8644877692955185
 1.089853619973203
 1.077957335076937
 1.077957335076937
 1.315209146312157
 1.315197484123886
 1.054217030648481
 1.054217030648481
 1.054217030648481
 0.770255817508711
 0.5092885370397717
 0.5322822967419495
 0.5441787348382118
 0.7947074874132318
 1.031249078310573
 1.291506311410286
 1.291506464610283
 1.280333244636246
 1.552486762632225
 1.552486915832222
 1.552487051517028
 1.239575650797274
 1.239575650797274
 0.967421962086107
 0.967421962086107
 1.466313018229307
 1.73846638302529
 2.010618563171728
 2.247882189795217
 1.975727163234508
 1.958610806506837
 1.726631332467099
 1.714733862921288
 1.703548810043793
 1.975702328039772
 1.76145777565589
 2.027086260068245
 2.027074597879974

# name: <cell-element>
# type: matrix
# rows: 151
# columns: 1
 1.16700793432254
 5.424385390795272
 5.416595146278009
 5.416569430013998
 5.182130492104914
 5.135295004639894
 3.738676590908836
 0.1147003790835768
 0.03177396943213978
 0.005295661572023297
 0
 0
 0
 0
 0
 0.5548986655359985
 0.8323479983039979
 1.664695996607995
 1.942145329375995
 2.219594662143994
 2.224890323716016
 2.224890323716016
 1.947440990948017
 1.669991504980021
 1.669991504980021
 1.664695690208002
 1.664695537008005
 1.664695383808009
 1.669989554330494
 1.675285062702521
 1.675282387003439
 1.947434567149877
 1.952717228684088
 2.230163732553009
 2.230139070326925
 1.980980822825363
 1.743730522408338
 1.743718860220067
 1.517567545401193
 1.54056281589561
 1.303299515440773
 1.066049215023747
 1.077964191532112
 1.089860476428377
 1.101755423475102
 0.6035261804008663
 0.6154411569092308
 0.6391581369611447
 0.864506633876271
 0.6154239761153263
 0.6272446712709745
 0.6272446712709745
 0.8538251573467324
 0.8525931681861009
 0.8288005983935697
 0.8288005983676148
 0.8288005983676148
 0.5796408400738132
 0.5915371249441239
 0.2831227113908463
 0.2712264264945807
 0.2594057313389324
 0.2252385612048284
 0.7583723597075591
 1.007532098258659
 1.256044379143339
 1.24414824744707
 1.49395546117978
 1.470885956309477
 2.55219677959273
 2.55219679710792
 2.274747753224724
 2.030914098779984
 2.000112159613532
 2.000112023928726
 2.000112023928726
 1.870105783138138
 1.708224369389749
 1.708221693690667
 1.963904974775854
 2.236058492771834
 2.502333250201067
 2.224859237691793
 2.497012755687772
 2.24785450818621
 1.998706585023378
 1.761443131368544
 2.050775748994996
 1.801629163681706
 1.801627825832165
 1.801627825832165
 1.576273810311404
 1.576273810311404
 1.588158433019399
 1.339000185517837
 1.339000185517837
 1.089841938016275
 1.089841938016275
 1.089841938016275
 1.338989880947764
 1.089843295634473
 0.8644761071072476
 1.089841957784932
 1.077945672888666
 1.303312861415892
 1.0541662761026
 1.054230203654947
 0.8050704453351905
 0.816966730205501
 0.5329923441111751
 0.283845758797884
 0.5441785816382151
 0.5442543245788289
 0.7709918452108592
 1.031249078310573
 1.292229358817324
 1.552486745117035
 1.552486762632225
 1.552487069032218
 1.528770071465114
 1.516949393824656
 1.517043675177373
 1.505128698669008
 1.221801636783807
 1.430775515990399
 2.236061341439571
 1.958611991156381
 2.219591087013589
 2.219591087013589
 2.224873901721842
 1.975714143428039
 1.980998142811792
 2.003903652674223
 1.766107352441415
 2.303098139694897
 2.291923564356128
 2.314927803824544
 2.338739065229174
 2.367047590507327
 2.117889343005765
 2.087734861505733
 1.850461101027359
 0.8058251821386722
 0.8005295205666497
 0.7549563179312404
 0.7602506416537225
 1.044300444545967
 1.078757310074133
 1.078755972224591
 1.339013205324304
 1.339013205324304

