# Created by Octave 3.0.5, Thu Nov 26 00:20:10 2009 CET <scherrer@pcbruno>
# name: rbf_500ech_br_vk
# type: cell
# rows: 1
# columns: 9
# name: <cell-element>
# type: matrix
# rows: 151
# columns: 1
 0.601508237258096
 0.5555253709675372
 0.5104623392266661
 0.465436084421107
 0.4211123676156606
 0.3780716519918401
 0.3385220246025457
 0.3037885823881163
 0.2739393819618348
 0.2482816068535299
 0.2261903554501915
 0.2065226675001415
 0.189477425261749
 0.1748810765759018
 0.1617346678475783
 0.1493766504240371
 0.1389767932382439
 0.1299880592936357
 0.1227046821344184
 0.1174185908998048
 0.113316438144919
 0.1104960200127198
 0.1085084615107537
 0.1067831002212477
 0.10514412312762
 0.1035421524279571
 0.1020297018583661
 0.1006222555466344
 0.09924203762861938
 0.09791746389689755
 0.09667830133734003
 0.09553576574014171
 0.09449923868857313
 0.0935738843347476
 0.09276192818870077
 0.09205973551958276
 0.09145896626195368
 0.09094790099542076
 0.09051549737534759
 0.09022752881721961
 0.09002014538215047
 0.08985779057594918
 0.08973072268327187
 0.08963083422701343
 0.08955161858471888
 0.08948805271591485
 0.08943641572568403
 0.08939407344416499
 0.08941479976207534
 0.089523967392842
 0.08962916996793012
 0.08973081090428381
 0.08982942158192626
 0.0899255603089099
 0.09001974257787065
 0.09011239844610359
 0.09020385201355768
 0.09029431775046938
 0.09038390867105274
 0.09047231369464533
 0.09055882466650324
 0.09064298190061805
 0.09072434682466306
 0.09080255832065781
 0.09087735689068242
 0.09094859342372413
 0.09101622602578577
 0.09108030828961353
 0.09114097220827311
 0.09119813309809115
 0.09125153831018816
 0.09130117735712621
 0.09134712258688893
 0.09138950718388753
 0.09142851222796926
 0.09146435432697843
 0.09149727369088867
 0.09152752316630987
 0.09155535866051213
 0.09158103119878905
 0.09160478069044682
 0.09162683135114127
 0.09164738864128412
 0.09166663752692611
 0.09168474184435964
 0.09170349924958952
 0.0917263603241753
 0.0917479797591719
 0.09176847814104404
 0.09178795860314121
 0.09180650893054709
 0.09182420361717679
 0.09184110581379577
 0.09185726912541707
 0.09187273923333504
 0.09188755533020811
 0.09190175136667877
 0.09191535711549609
 0.09192839906456718
 0.09194090115317147
 0.09195284990273934
 0.09196414538643886
 0.09197473929734844
 0.09198460306092994
 0.09199372452473167
 0.09200210706202337
 0.09200976809483963
 0.09201673707632173
 0.092023053177444
 0.09202814116125566
 0.09203291797298228
 0.09203743581928923
 0.09204153551207937
 0.09204527034126271
 0.09204866371928626
 0.09205170325812335
 0.09205440551702954
 0.09205679345305566
 0.09205889471436178
 0.09206074050624834
 0.09206236429656643
 0.09206380044288659
 0.0920651484078404
 0.09206637019001079
 0.09206749584954707
 0.092068552121396
 0.09206956195371768
 0.09207054428419024
 0.09207151402595594
 0.092072482226668
 0.09207345636094807
 0.09207444071647024
 0.09207528380524203
 0.09207614877133555
 0.09207703231337164
 0.09207792982938749
 0.09207883582787901
 0.09207974429528532
 0.09208064901456044
 0.09208154383301832
 0.09208242288025317
 0.09208328073849385
 0.09208411256934607
 0.09208491420113615
 0.0920855288115688
 0.09208611408884905
 0.09208667205903283
 0.09208720453448732
 0.09208771314069382
 0.09208819933997331
 0.09208866445265458

# name: <cell-element>
# type: matrix
# rows: 151
# columns: 1
 0.601508237258096
 0.5510489144084508
 0.5013765236362615
 0.451617504787206
 0.4029990097709269
 0.3569130338754772
 0.3159967181330307
 0.2814272891359139
 0.251930834028838
 0.2272116959926395
 0.2054530809950841
 0.1869307160650847
 0.1710901192202595
 0.1568601836703958
 0.1443952850814698
 0.1337796558762298
 0.1251282712846809
 0.1185158808853521
 0.113706146457578
 0.110269849739107
 0.1078588223660272
 0.1057947117644954
 0.10386419097753
 0.1021290904575414
 0.1005202073961754
 0.09896246822280229
 0.09748174016872725
 0.09610953106352069
 0.0948617841508558
 0.0937436804903205
 0.09275853859498469
 0.0919060229679915
 0.09117762649793175
 0.09060918213947496
 0.09020401797836548
 0.08988619891380142
 0.08964044388904213
 0.08945281377925865
 0.08931115653706545
 0.08920532327576446
 0.08912701475016763
 0.08906906034649129
 0.08902635966613603
 0.08899526167454951
 0.08897325161490741
 0.08895866776036555
 0.08905827264124602
 0.08917926401165371
 0.08929641546529928
 0.08941023571347238
 0.0895211967629696
 0.08962968789883329
 0.08973599658102069
 0.08984030852928251
 0.08994272006480082
 0.09004325695523452
 0.09014189533899171
 0.09023858161767408
 0.09033324938430806
 0.09042538260698386
 0.09051423093529905
 0.09059831799940259
 0.09067721556601636
 0.09075062322371473
 0.09081834526367494
 0.09088036076290522
 0.09093681071572642
 0.09098796837656725
 0.09103420364776545
 0.0910759474118982
 0.09111365928977416
 0.09114780082061746
 0.09117881493723629
 0.09120711175404594
 0.09124089231313878
 0.09127440585537615
 0.09130543314080554
 0.09133426830740472
 0.09136116263288128
 0.0913863298028267
 0.09140995131376098
 0.09143218157859945
 0.09145315247625917
 0.09147297723045299
 0.0914917536066162
 0.09150956648408652
 0.09152648989904778
 0.09154258866535789
 0.09155791967782331
 0.09157253298632553
 0.0915864727108268
 0.09159977784605593
 0.0916124829867476
 0.0916246189896987
 0.09163621357847215
 0.09164729189014549
 0.09165787696121688
 0.09166799014854363
 0.09167765148407801
 0.09168685097775192
 0.09169550960850965
 0.09170397298115898
 0.09171182333051189
 0.09171906649517272
 0.09172572002705374
 0.0917313111456136
 0.09173642973344401
 0.09174110980897328
 0.09174538749366072
 0.09174929924571923
 0.09175288050732777
 0.09175616475272218
 0.09175924644386817
 0.09176208496761651
 0.09176470581716002
 0.09176713159402934
 0.09176938220353334
 0.09177147510758132
 0.09177342559979496
 0.09177524707826673
 0.0917769513002817
 0.09177839762374564
 0.09177975802701235
 0.09178103966789536
 0.09178224887722586
 0.09178339127387632
 0.09178447186126959
 0.09178549510878607
 0.09178646502113859
 0.09178738519805822
 0.09178825888606891
 0.09178908902365855
 0.09178987828069857
 0.0917906290928477
 0.09179134369145163
 0.09179202412917524
 0.09179269869419034
 0.09179334086478752
 0.09179395240451861
 0.09179453495945893
 0.09179509006957667
 0.09179561917811015
 0.0917961236395755
 0.09179660472657357
 0.09179706363568139
 0.09179750149266126
 0.09179791935714077
 0.0917983296070901
 0.09179872154654845
 0.09179909600514499
 0.09179945377432376

