# Created by Octave 3.0.5, Sat Nov 28 05:31:49 2009 CET <bruno@midjy>
# name: rbf_500ech_fp_vk
# type: cell
# rows: 1
# columns: 9
# name: <cell-element>
# type: matrix
# rows: 151
# columns: 1
 5.935147923671208
 5.889165057380648
 5.839520647375731
 5.784957351342032
 5.725873728155426
 5.665913652910255
 5.608544880736408
 5.553503548520673
 5.497847113561263
 5.442079470714396
 5.387965308880137
 5.335472985461265
 5.286138993948876
 5.239779501905127
 5.193407203963212
 5.14678527733134
 5.101177017003299
 5.054876891207745
 5.010811261150904
 4.971027308120198
 4.936155336745907
 4.902908524212902
 4.870701994731646
 4.840324708281677
 4.811969020713774
 4.784122286898876
 4.756383796224727
 4.728543912546053
 4.700468666788599
 4.672000937870323
 4.643041331996749
 4.613492914094352
 4.583345824116647
 4.552604649648306
 4.52125371963417
 4.489054380000633
 4.456568366432239
 4.423652714539412
 4.390772111655342
 4.358011090329981
 4.325229106175855
 4.29219589576311
 4.258999068226866
 4.22533781177684
 4.19075144548512
 4.155642537068537
 4.120478534549687
 4.085379863478177
 4.049890753566591
 4.01430287702033
 3.978200699113617
 3.942052657607436
 3.903406591642331
 3.861835203152904
 3.818142265584529
 3.771796539974932
 3.723718629682996
 3.674312271789511
 3.623793166532925
 3.570715224561067
 3.515534278378531
 3.458019325239143
 3.400327502124839
 3.342110734197952
 3.284021715940856
 3.228903796888626
 3.172849398975306
 3.119450070350291
 3.065930396280884
 3.013552394506035
 2.960548440602655
 2.907554048923487
 2.857832994126275
 2.808284400113193
 2.764006163132942
 2.720863152028948
 2.679902942675107
 2.639705184087333
 2.60088159704042
 2.566446407456414
 2.536701077751346
 2.510606512863228
 2.485885155863826
 2.462238649794021
 2.441815410904447
 2.423002723102093
 2.405304718372457
 2.388342701025957
 2.371907023328699
 2.355353437015439
 2.341605704906358
 2.327896513586259
 2.315634954487427
 2.304415713997276
 2.29300715168306
 2.280941880029902
 2.267464851050078
 2.252858268582143
 2.239515482076733
 2.226501596253242
 2.213860399076938
 2.200665138708317
 2.187490730766263
 2.17519475111728
 2.162893030647851
 2.149220475124314
 2.133513131137152
 2.116245161332542
 2.097318132591997
 2.076908037272351
 2.054477867657011
 2.029976353130015
 2.002832505534844
 1.973739300217732
 1.943212662857543
 1.91127610595459
 1.878712277354902
 1.844717316977999
 1.810998666515735
 1.777759750963249
 1.744755709566764
 1.711331371662092
 1.678890430708301
 1.646395511356977
 1.61244356952298
 1.577143299953302
 1.543038677326772
 1.51295804335965
 1.483334284499364
 1.453010831973618
 1.423499328149135
 1.39656950997302
 1.372225047088539
 1.348357612304417
 1.326982064185189
 1.309536946236618
 1.294903448408983
 1.279262031185232
 1.263523553499467
 1.246641068187591
 1.231796406363067
 1.216431178312555
 1.199920308241435
 1.185205560296225
 1.175778911219068
 1.167024165877319
 1.161034949573035
 1.153808371944954
 1.146447987008586
 1.140542643634804
 1.135012464964432

# name: <cell-element>
# type: matrix
# rows: 151
# columns: 1
 5.935147923671208
 5.88414811797033
 5.828295188914757
 5.766154790120545
 5.698697261740953
 5.633858587287635
 5.571482433646587
 5.509479020091425
 5.447385150864103
 5.387249509198566
 5.329195344882351
 5.275455348666275
 5.224396336763734
 5.172553445649744
 5.121785005219821
 5.071941724143258
 5.023840580285063
 4.980797969944351
 4.942684602486821
 4.906280762704354
 4.871078428953284
 4.838011028061784
 4.806562607581726
 4.775418169548823
 4.744174568379611
 4.712673304946486
 4.680703001665665
 4.648132104177015
 4.614870986451496
 4.580913076495322
 4.546238364091519
 4.510563652127002
 4.474424176642856
 4.437865413927383
 4.401233338060155
 4.364751697578196
 4.32816694749524
 4.291206280088493
 4.254166220396177
 4.216307632067151
 4.177021800148111
 4.138047948624041
 4.098538268196331
 4.058776477337211
 4.018828761013372
 3.978342183809715
 3.937282993701634
 3.892811708036947
 3.845562969798814
 3.795250990430686
 3.742023410777392
 3.68714474959636
 3.630804221896589
 3.571354964117366
 3.509124261387985
 3.444696210179666
 3.380585523768184
 3.315693778338258
 3.252617967330682
 3.190225344806329
 3.130450204219891
 3.070265656583635
 3.012506787073535
 2.954037463725893
 2.895227246592889
 2.841210859603147
 2.788881988835704
 2.739728552081085
 2.693479276872958
 2.648707547083417
 2.607121083641735
 2.571429044014959
 2.540665466330946
 2.513415542492862
 2.488413091362068
 2.466600637614535
 2.445856880850107
 2.426547322285834
 2.408676134026637
 2.391141957614531
 2.373638297450503
 2.357441861476198
 2.34273070108968
 2.33055539706104
 2.318337143692148
 2.305359955384882
 2.291602934286706
 2.276667185515109
 2.261284643704277
 2.246237215455209
 2.231224322417539
 2.214828981407306
 2.19902240440083
 2.183957250537241
 2.167461584620689
 2.148652554773428
 2.127876916571287
 2.105088408479724
 2.079586884363536
 2.050654737373203
 2.019073052850591
 1.985487570010673
 1.950242634794137
 1.912828521952528
 1.874749544105004
 1.836432388502763
 1.797766958725412
 1.759798978396744
 1.723526617912191
 1.68599194115984
 1.647727772000976
 1.609242786857672
 1.571382016538241
 1.536208496194666
 1.502334996265719
 1.467804358697486
 1.434258873919454
 1.401706152739581
 1.374228314492871
 1.348226288637319
 1.323609454340582
 1.302623419221604
 1.284582753949929
 1.265328183209111
 1.246373430162709
 1.228898821441048
 1.210546665977531
 1.191238580646786
 1.176305379488576
 1.166467952422902
 1.158110841979852
 1.152201029865942
 1.14446310036366
 1.138493618682513
 1.130992604825253
 1.124038630020059
 1.118367172004312
 1.11329585225376
 1.107570157975739
 1.101925836252311
 1.093428910119405
 1.082425285429708
 1.073673815205456
 1.062597323288648
 1.048265774123933
 1.031694743797979
 1.015097851299288
 0.9963450104760564
 0.9759994169033475
 0.9568686324982305
 0.9393640123508271

