# Created by Octave 3.0.5, Tue Nov 24 01:08:12 2009 CET <scherrer@pcbruno>
# name: rbf_500ech_fp_vpi
# type: cell
# rows: 1
# columns: 9
# name: <cell-element>
# type: matrix
# rows: 151
# columns: 1
 0.4679768465544669
 0.4555124440799986
 0.2842410741911291
 0.2842404373178949
 0.2773816322949948
 0.2495283869488188
 0.2494539327488897
 0.2214467785920528
 0.1718915328904271
 0.03456202938677101
 0.01498070268819456
 0.01310811485217024
 0.005617763508072962
 0.003745175672048641
 0.001872587836024321
 0.001872587836024321
 0.001872587836024321
 0.001872587836024321
 0.001872587836024321
 0.001872587836024321
 0.001872587836024321
 0.001872587836024321
 0.001872587836024321
 0.001872587836024321
 0.001872587836024321
 0.001872587836024321
 0.001872587836024321
 0.001872587836024321
 0.001872587836024321
 0.003745175672048641
 0.005617763508072962
 0.007490351344097282
 0.007490351344097282
 0.007490351344097282
 0.009362939180121602
 0.01123552701614592
 0.01123552701614592
 0.01123552701614592
 0.01123552701614592
 0.01310811485217024
 0.01310811485217024
 0.01310811485217024
 0.01310811485217024
 0.01310811485217024
 0.01310811485217024
 0.01310811485217024
 0.01310811485217024
 0.01310811485217024
 0.01310811485217024
 0.01310811485217024
 0.01310811485217024
 0.01310811485217024
 0.01310811485217024
 0.01310811485217024
 0.01310811485217024
 0.01310811485217024
 0.01310811485217024
 0.01310811485217024
 0.01706715260880219
 0.01706715260880219
 0.01706715260880219
 0.01706715260880219
 0.01706715260880219
 0.01706715260880219
 0.01706715260880219
 0.01706715260880219
 0.01706715260880219
 0.01706715260880219
 0.01893974044482651
 0.01893974044482651
 0.01893974044482651
 0.01893974044482651
 0.01893974044482651
 0.01893974044482651
 0.01893974044482651
 0.01893974044482651
 0.01893974044482651
 0.01893974044482651
 0.01893974044482651
 0.01893974044482651
 0.01893974044482651
 0.01893974044482651
 0.01893974044482651
 0.01893974044482651
 0.01893974044482651
 0.01893974044482651
 0.01893974044482651
 0.01893974044482651
 0.01893974044482651
 0.01893974044482651
 0.01893974044482651
 0.01893974044482651
 0.01893974044482651
 0.01893974044482651
 0.01893974044482651
 0.01893974044482651
 0.01893974044482651
 0.01893974044482651
 0.01893974044482651
 0.02289877820145846
 0.02289877820145846
 0.02289877820145846
 0.02289877820145846
 0.02289877820145846
 0.02289877820145846
 0.02289877820145846
 0.02289877820145846
 0.02289877820145846
 0.02289877820145846
 0.02289877820145846
 0.02289877820145846
 0.02289877820145846
 0.02289877820145846
 0.02477136603748278
 0.02477136603748278
 0.02477136603748278
 0.02477136603748278
 0.02477136603748278
 0.02477136603748278
 0.02477136603748278
 0.02477136603748278
 0.02477136603748278
 0.02477136603748278
 0.02477136603748278
 0.02477136603748278
 0.02477136603748278
 0.02477136603748278
 0.02477136603748278
 0.02477136603748278
 0.02477136603748278
 0.02477136603748278
 0.02477136603748278
 0.02477136603748278
 0.02477136603748278
 0.02477136603748278
 0.02477136603748278
 0.02477136603748278
 0.02477136603748278
 0.02477136603748278
 0.02477136603748278
 0.02477136603748278
 0.02477136603748278
 0.02477136603748278
 0.02477136603748278
 0.02477136603748278
 0.02477136603748278
 0.02477136603748278
 0.02477136603748278
 0.02477136603748278
 0.02477136603748278
 0.02477136603748278

# name: <cell-element>
# type: matrix
# rows: 151
# columns: 1
 0.4679768465544669
 0.3178979274109285
 0.2842404373178949
 0.2842398004446606
 0.2530786788120061
 0.2494474265401845
 0.2285267176637145
 0.1939539920586469
 0.03852106714340296
 0.01498070268819456
 0.01123552701614592
 0.005617763508072962
 0.001872587836024321
 0.001872587836024321
 0.001872587836024321
 0.001872587836024321
 0.001872587836024321
 0.001872587836024321
 0.001872587836024321
 0.001872587836024321
 0.001872587836024321
 0.001872587836024321
 0.001872587836024321
 0.001872587836024321
 0.001872587836024321
 0.001872587836024321
 0.001872587836024321
 0.005617763508072962
 0.007490351344097282
 0.007490351344097282
 0.007490351344097282
 0.009362939180121602
 0.01123552701614592
 0.01123552701614592
 0.01123552701614592
 0.01123552701614592
 0.01310811485217024
 0.01310811485217024
 0.01310811485217024
 0.01310811485217024
 0.01310811485217024
 0.01310811485217024
 0.01310811485217024
 0.01310811485217024
 0.01310811485217024
 0.01310811485217024
 0.01310811485217024
 0.01310811485217024
 0.01310811485217024
 0.01310811485217024
 0.01310811485217024
 0.01310811485217024
 0.01706715260880219
 0.01706715260880219
 0.01706715260880219
 0.01706715260880219
 0.01706715260880219
 0.01706715260880219
 0.01706715260880219
 0.01706715260880219
 0.01706715260880219
 0.01893974044482651
 0.01893974044482651
 0.01893974044482651
 0.01893974044482651
 0.01893974044482651
 0.01893974044482651
 0.01893974044482651
 0.01893974044482651
 0.01893974044482651
 0.01893974044482651
 0.01893974044482651
 0.01893974044482651
 0.01893974044482651
 0.01893974044482651
 0.01893974044482651
 0.01893974044482651
 0.01893974044482651
 0.01893974044482651
 0.01893974044482651
 0.01893974044482651
 0.01893974044482651
 0.01893974044482651
 0.01893974044482651
 0.01893974044482651
 0.01893974044482651
 0.01893974044482651
 0.01893974044482651
 0.01893974044482651
 0.01893974044482651
 0.02289877820145846
 0.02289877820145846
 0.02289877820145846
 0.02289877820145846
 0.02289877820145846
 0.02289877820145846
 0.02289877820145846
 0.02289877820145846
 0.02289877820145846
 0.02289877820145846
 0.02289877820145846
 0.02289877820145846
 0.02477136603748278
 0.02477136603748278
 0.02477136603748278
 0.02477136603748278
 0.02477136603748278
 0.02477136603748278
 0.02477136603748278
 0.02477136603748278
 0.02477136603748278
 0.02477136603748278
 0.02477136603748278
 0.02477136603748278
 0.02477136603748278
 0.02477136603748278
 0.02477136603748278
 0.02477136603748278
 0.02477136603748278
 0.02477136603748278
 0.02477136603748278
 0.02477136603748278
 0.02477136603748278
 0.02477136603748278
 0.02477136603748278
 0.02477136603748278
 0.02477136603748278
 0.02477136603748278
 0.02477136603748278
 0.02477136603748278
 0.02477136603748278
 0.02477136603748278
 0.02477136603748278
 0.02477136603748278
 0.02477136603748278
 0.02477136603748278
 0.02477136603748278
 0.02477136603748278
 0.02477136603748278
 0.02477136603748278
 0.02477136603748278
 0.02477136603748278
 0.02477136603748278
 0.02477136603748278
 0.02477136603748278
 0.02477136603748278
 0.02477136603748278
 0.02477136603748278
 0.02477136603748278
 0.02477136603748278
 0.02477136603748278

