# Created by Octave 3.0.5, Tue Nov 24 01:08:12 2009 CET <scherrer@pcbruno>
# name: rbf_500ech_fp_vk
# type: cell
# rows: 1
# columns: 9
# name: <cell-element>
# type: matrix
# rows: 151
# columns: 1
 0.601508237258096
 0.5555253709675372
 0.5104623392266661
 0.465436084421107
 0.4211123676156606
 0.3780716519918401
 0.3385220246025457
 0.3037885823881163
 0.2739393819618348
 0.2482816068535299
 0.2261903554501915
 0.2065226675001415
 0.189477425261749
 0.1748810765759018
 0.1617346678475783
 0.1493766504240371
 0.1389767932382439
 0.1299880592936357
 0.1227046821344184
 0.1174185908998048
 0.113316438144919
 0.1104960200127198
 0.1085084615107537
 0.1067831002212477
 0.10514412312762
 0.1035421524279571
 0.1020297018583661
 0.1006222555466344
 0.09924203762861938
 0.09791746389689755
 0.09667830133734003
 0.09553576574014171
 0.09449923868857313
 0.0935738843347476
 0.09276192818870077
 0.09205973551958276
 0.09145896626195368
 0.09094790099542076
 0.09051549737534759
 0.09022752881721961
 0.09002014538215047
 0.08985779057594918
 0.08973072268327187
 0.08963083422701343
 0.08955161858471888
 0.08948805271591485
 0.08943641572568403
 0.08939407344416499
 0.08941479976207534
 0.089523967392842
 0.08962916996793012
 0.08973081090428381
 0.08982942158192626
 0.0899255603089099
 0.09001974257787065
 0.09011239844610359
 0.09020385201355768
 0.09029431775046938
 0.09038390867105274
 0.09047231369464533
 0.09055882466650324
 0.09064298190061805
 0.09072434682466306
 0.09080255832065781
 0.09087735689068242
 0.09094859342372413
 0.09101622602578577
 0.09108030828961353
 0.09114097220827311
 0.09119813309809115
 0.09125153831018816
 0.09130117735712621
 0.09134712258688893
 0.09138950718388753
 0.09142851222796926
 0.09146435432697843
 0.09149727369088867
 0.09152752316630987
 0.09155535866051213
 0.09158103119878905
 0.09160478069044682
 0.09162683135114127
 0.09164738864128412
 0.09166663752692611
 0.09168474184435964
 0.09170349924958952
 0.0917263603241753
 0.0917479797591719
 0.09176847814104404
 0.09178795860314121
 0.09180650893054709
 0.09182420361717679
 0.09184110581379577
 0.09185726912541707
 0.09187273923333504
 0.09188755533020811
 0.09190175136667877
 0.09191535711549609
 0.09192839906456718
 0.09194090115317147
 0.09195284990273934
 0.09196414538643886
 0.09197473929734844
 0.09198460306092994
 0.09199372452473167
 0.09200210706202337
 0.09200976809483963
 0.09201673707632173
 0.092023053177444
 0.09202814116125566
 0.09203291797298228
 0.09203743581928923
 0.09204153551207937
 0.09204527034126271
 0.09204866371928626
 0.09205170325812335
 0.09205440551702954
 0.09205679345305566
 0.09205889471436178
 0.09206074050624834
 0.09206236429656643
 0.09206380044288659
 0.0920651484078404
 0.09206637019001079
 0.09206749584954707
 0.092068552121396
 0.09206956195371768
 0.09207054428419024
 0.09207151402595594
 0.092072482226668
 0.09207345636094807
 0.09207444071647024
 0.09207528380524203
 0.09207614877133555
 0.09207703231337164
 0.09207792982938749
 0.09207883582787901
 0.09207974429528532
 0.09208064901456044
 0.09208154383301832
 0.09208242288025317
 0.09208328073849385
 0.09208411256934607
 0.09208491420113615
 0.0920855288115688
 0.09208611408884905
 0.09208667205903283
 0.09208720453448732
 0.09208771314069382
 0.09208819933997331
 0.09208866445265458

# name: <cell-element>
# type: matrix
# rows: 151
# columns: 1
 0.601508237258096
 0.551028544438198
 0.5013483519790266
 0.4516233970578659
 0.4030503203330146
 0.3570146199373666
 0.3161372317745518
 0.2815795143789492
 0.2522028251428027
 0.2274683780601539
 0.2057257961852541
 0.1871470515149223
 0.1713648991867699
 0.1571620638255071
 0.1446268657173167
 0.1341040052484202
 0.1254459278880061
 0.1190561039527891
 0.1142880216208751
 0.1109855063053861
 0.1086460149474859
 0.1066338343814589
 0.1047498684747113
 0.1029378321669153
 0.1013562512903357
 0.09982368030192607
 0.09836406631386967
 0.09701019221669098
 0.09577151531811393
 0.09465678488483387
 0.09367079326321162
 0.0928146663786993
 0.09208062302656757
 0.09145645427410609
 0.09092836216995598
 0.09056515241786857
 0.09029825033468827
 0.09008703716392807
 0.08991965227091425
 0.08978629092638954
 0.08967916827878515
 0.08959234965946572
 0.08952149132277774
 0.08946354015306215
 0.08956742818503678
 0.08967443396976445
 0.08977894550167896
 0.08988133576264699
 0.08998205022764602
 0.0900815057432342
 0.09018003018432803
 0.09027783481007118
 0.09037501084493273
 0.09047138265948811
 0.09056583331288809
 0.09065769709027004
 0.09074634895676265
 0.09083128868968909
 0.0909121727717461
 0.09098882148905027
 0.09106120780081675
 0.09112943422145896
 0.09119353501351078
 0.09125305520286932
 0.09130794788779552
 0.09135829931797804
 0.0914042922687744
 0.09144618329041607
 0.0914842808593342
 0.0915189247461085
 0.09155046766842562
 0.09157925995935218
 0.09160563755880408
 0.0916299132968502
 0.09165237120123665
 0.09167326341986212
 0.09169280928209686
 0.0917144299030144
 0.09173901689491053
 0.09176217120988465
 0.09178404183183872
 0.09180475320334205
 0.09182440883076919
 0.09184309468699386
 0.09186088231804944
 0.09187783160143392
 0.09189399313521686
 0.09190941026134689
 0.09192412074232863
 0.09193815812107232
 0.09195155279948168
 0.09196416605677614
 0.09197592451285352
 0.09198678829524903
 0.09199674264086045
 0.09200579586065243
 0.09201397658525549
 0.09202133020949141
 0.09202791499375226
 0.09203315560099214
 0.09203802840844759
 0.09204260059693919
 0.0920467238620717
 0.09205040060028989
 0.09205363487020236
 0.09205645532475137
 0.0920588988604807
 0.09206100825502128
 0.0920628299845747
 0.09206441193155689
 0.09206580119514213
 0.09206704218975727
 0.09206823717838346
 0.09206935407565685
 0.09207042244060379
 0.09207146577087215
 0.09207250164886818
 0.09207354214999126
 0.09207459443574378
 0.09207566145999042
 0.0920767427264302
 0.09207768695189644
 0.0920786486367012
 0.09207962041049816
 0.0920805942419507
 0.09208156192525761
 0.09208251547795297
 0.09208344745301107
 0.09208435117119178
 0.09208522088153608
 0.09208589417281959
 0.09208653209224543
 0.09208713730258336
 0.09208771216183666
 0.09208825876550812
 0.09208877898349321
 0.09208927449220405
 0.09208974680234705
 0.09209022194739873
 0.09209067476705184
 0.09209110652033203
 0.09209151836907571
 0.09209191138986093
 0.09209228658390799
 0.09209264488506873
 0.09209298716641814
 0.09209331424564654
 0.0920936268895826
 0.09209392581806973
 0.09209422366627266
 0.09209450886970155

