# Created by Octave 3.0.5, Sat Nov 28 05:31:49 2009 CET <bruno@midjy>
# name: rbf_500ech_fp_vpi
# type: cell
# rows: 1
# columns: 9
# name: <cell-element>
# type: matrix
# rows: 151
# columns: 1
 1.16700793432254
 5.269417970308497
 5.416595146278009
 5.416595146278009
 5.292655249008432
 5.139580642963541
 5.110712073687826
 3.44729872628581
 0.09235390410512111
 0.02647830786011648
 0.01059132314404659
 0
 0
 0
 0
 0
 0.2774493327679993
 0.5548986655359985
 1.109797331071997
 1.942145329375995
 1.942145329375995
 2.219594662143994
 2.224890323716016
 2.224890341231207
 2.230186002803229
 1.952736499320043
 1.675287166552044
 1.675287166552044
 1.669991351780025
 1.664695537008005
 1.664695383808009
 1.669989707530491
 1.669989401130498
 1.67528372485298
 1.947434567149877
 1.947422904961606
 1.963890466173316
 2.230150732515197
 2.230139070326925
 1.980980822825363
 1.743730522408338
 1.482751579751127
 1.517567545401193
 1.540574478083881
 1.303312515478585
 1.31519713818658
 1.077964191532112
 1.089860476428377
 1.101756761324643
 0.852610176011352
 0.8645238146701756
 0.6154411569092308
 0.6154411569092308
 0.8539179278812543
 0.864506633876271
 0.8764029187725365
 0.8420044621910842
 0.8525931681861009
 0.8525931681861009
 0.8525931681861009
 0.8288005983935697
 0.8169043134713493
 0.8288005983676148
 0.5796408400478583
 0.5796408400478583
 0.3068396914427601
 0.2950189962871119
 0.2594057313389324
 0.2482324938497046
 0.7583723597075591
 0.7353785802626797
 1.279685616254638
 1.279685922654632
 1.256044549858526
 1.244871465569294
 1.769978985479513
 2.019062981089999
 2.291216516601169
 2.580517297509095
 2.017228805845611
 2.035940969797756
 1.923016069966903
 1.923016211249254
 2.172174629466003
 1.986901889519806
 1.980378193785721
 1.980378193785721
 1.708223184740205
 1.975078212265082
 1.963905127975853
 1.958609313203833
 2.224859237691793
 2.224860575541335
 2.224860575541335
 2.24785450818621
 1.998696260684648
 2.288041878348913
 1.801644992618596
 1.801644992618596
 1.801629316881702
 1.801629316881702
 1.813525601777968
 1.825421904189424
 1.576275318876133
 1.304121630164965
 1.310710591300938
 1.310687266924396
 1.061540528411108
 0.8123939430978171
 0.8123939430978171
 0.5685430193565494
 0.5685416815070081
 1.089854957822744
 0.8644877692955185
 1.089853619973203
 1.077957335076937
 1.077957335076937
 1.315209146312157
 1.315197484123886
 1.054217030648481
 1.054217030648481
 1.054217030648481
 0.770255817508711
 0.5092885370397717
 0.5322822967419495
 0.5441787348382118
 0.7947074874132318
 1.031249078310573
 1.291506311410286
 1.291506464610283
 1.280333244636246
 1.552486762632225
 1.552486915832222
 1.552487051517028
 1.239575650797274
 1.239575650797274
 0.967421962086107
 0.967421962086107
 1.466313018229307
 1.73846638302529
 2.010618563171728
 2.247882189795217
 1.975727163234508
 1.958610806506837
 1.726631332467099
 1.714733862921288
 1.703548810043793
 1.975702328039772
 1.76145777565589
 2.027086260068245
 2.027074597879974

# name: <cell-element>
# type: matrix
# rows: 151
# columns: 1
 1.16700793432254
 5.415245669242671
 5.416595146278009
 5.416595146278009
 5.163118452711267
 5.135295004639894
 3.738676590908836
 0.103527141594349
 0.03706963100416308
 0.01059132314404659
 0
 0
 0
 0
 0
 0.5548986655359985
 0.8323479983039979
 1.942145329375995
 1.942145329375995
 2.219594662143994
 2.224890323716016
 2.224890323716016
 1.947440837748021
 1.675287166552044
 1.669991504980021
 1.669991351780025
 1.664695537008005
 1.664695383808009
 1.669989554330494
 1.67528372485298
 1.947434567149877
 1.947434567149877
 1.963890466173316
 2.224856408792714
 2.230139070326925
 1.980980822825363
 1.743730522408338
 1.494560612718505
 1.517567545401193
 1.552459100791876
 1.303300853290314
 1.066049215023747
 1.089860476428377
 1.101756761324643
 0.8526088381618109
 0.6035448720129653
 0.6154411569092308
 0.6273374418054964
 0.8657386230369025
 0.6154239761153263
 0.8420044621910842
 0.8525931681861009
 0.8525931681861009
 0.8525931681861009
 0.8169043134973041
 0.8288005983676148
 0.8288005983676148
 0.5796408400478583
 0.330556671494674
 0.3068396914427601
 0.2594057313389324
 0.2482324938497046
 0.7583723597075591
 0.7353785802626797
 1.279685616254638
 1.256044532343335
 1.244148418162257
 1.769977647629972
 2.019062981089999
 2.55219677959273
 2.55219677959273
 2.030914411714735
 2.011933144273589
 2.035940969797756
 1.911193400628163
 1.9869031470448
 1.980378040585724
 1.980377887385727
 1.708223031540208
 1.975078212265082
 2.236058645971833
 1.963893295072395
 2.224859237691793
 2.224860575541335
 2.497001093499501
 2.010592392380917
 2.288041725148916
 1.801643501569059
 1.801629163681706
 1.801629163681706
 1.813525448577971
 1.825421733474237
 1.576275148160946
 1.576275148160946
 1.58815977086894
 1.338989861179107
 1.089843275865816
 1.08984312266582
 0.8406951995029874
 0.8406951995029874
 1.089853619973203
 1.101749904869468
 1.089853619973203
 1.077957335076937
 1.06603772580413
 1.315197484123886
 1.315197484123886
 1.054217030648481
 1.042396335492833
 0.5322824696846479
 0.2720250636422357
 0.5441785816382151
 0.8170551470412321
 0.7940613675963526
 1.019352793414307
 1.291506464610283
 1.280333380321052
 1.564401874825396
 1.564401874825396
 1.552581332869744
 1.528940113273635
 1.517024983565274
 1.482134768277597
 1.73781923401233
 1.703576491652799
 2.247882036595219
 2.247882189795217
 1.975728501058094
 1.70943938599881
 1.714735047570833
 1.714733709721292
 1.963881632884124
 1.726631332467099
 2.015913022579017
 2.288066540574996
 2.288055049101912
 2.288053711252371
 2.338739218429171
 2.089580988442799
 2.089580835242803
 2.11788952025571
 2.087723353137064
 1.602315527344768
 0.991096119037791
 1.217676746395901
 1.044300444545966
 1.315221973381312
 1.327118258277578
 1.339014543173844
 1.073450139513836
 0.784104521849571

