# Created by Octave 3.0.5, Wed Dec 02 06:39:01 2009 CET <bruno@midjy>
# name: rbf_50ech_br_vk
# type: cell
# rows: 1
# columns: 9
# name: <cell-element>
# type: matrix
# rows: 151
# columns: 1
 1.194264867211606
 1.15446726195078
 1.116684368025884
 1.07836493984646
 1.038692075812129
 0.9991038198075169
 0.9610370840478933
 0.9224652128700194
 0.8853963745254053
 0.8522849130141041
 0.8226812669848284
 0.7974854481557487
 0.7761791778766948
 0.755605341135423
 0.7377709457363475
 0.720240372215774
 0.7028170972239948
 0.6879974146581892
 0.6746983054197168
 0.6622229247982798
 0.6506214984112797
 0.6409183792793491
 0.6298767470231958
 0.6171682395381471
 0.603322024702594
 0.5886362622286989
 0.5747290387238748
 0.5616180836824229
 0.5488048076193741
 0.5363892250915888
 0.5231344357696526
 0.5100993276831164
 0.4969417178408053
 0.4835479359493875
 0.4685942090035896
 0.4537980266159811
 0.4421494893274741
 0.4534564308341472
 0.4631979227221927
 0.4658144598035987
 0.4617547927139193
 0.4556861778091708
 0.4471963181975229
 0.4326380380729488
 0.4168423842336866
 0.4025464000922342
 0.3896656378757653
 0.3772810579360878
 0.3654774347736408
 0.3532740692589779
 0.342253387612337
 0.3348839761254921
 0.3312479836461293
 0.3276389476183078
 0.3248142381073861
 0.3233172219947817
 0.3213314764795145
 0.319317242909994
 0.3179009714195847
 0.3164652515279559
 0.3153266632945765
 0.319908274136103
 0.3256514772240158
 0.3283163584937229
 0.3286275221164427
 0.3270746278498957
 0.3264487931269874
 0.3266449454320926
 0.3269475392253065
 0.3270969980042651
 0.3269710999608499
 0.3269938793437573
 0.3310022116711149
 0.333735736228469
 0.3353648555742941
 0.3358833926236714
 0.3352185071302553
 0.3342271219285212
 0.3332094630505333
 0.3322562303919114
 0.3310304587493518
 0.3293392332055265
 0.3275592219864861
 0.325345159360804
 0.3229919214042759
 0.3207158715039883
 0.31991751791094
 0.3304331678559661
 0.3385445177756541
 0.3425198875810099
 0.341111883376817
 0.3355175086426737
 0.3322245592086243
 0.3314797301750605
 0.3298704327059252
 0.3286027188962424
 0.3264743023278759
 0.3226205844836173
 0.319012040896518
 0.3151420942204269
 0.310077376141718
 0.3221232569735877
 0.3345747060514003
 0.3527654366760917
 0.3701545339912259
 0.3858978647687574
 0.3990646882363918
 0.4087647166782081
 0.4139791463412766
 0.4138221407513602
 0.4078686430553953
 0.4002568109564619
 0.39524914939204
 0.3923059532079956
 0.3884434811673005
 0.3853487853932566
 0.3810136628767587
 0.3772858535511192
 0.3736533976890582
 0.3706248003157408
 0.3683382443675303
 0.3652505458909545
 0.3621512549914098
 0.357443302086945
 0.3519508821450305
 0.3493360857247318
 0.3531290731536647
 0.3571594464128187
 0.3615244129814816
 0.3656160953145316
 0.3683776463626797
 0.3689368740971384
 0.3665037698628897
 0.3614735631787296
 0.3528511981171975
 0.3450708156783461
 0.3428635686922772
 0.3512114357650377
 0.3575985768703386
 0.3607349360012957
 0.3604480921614434
 0.3552709522915888
 0.3486213750587788
 0.3449646056438654
 0.3433761701540752
 0.3399634064838323
 0.3363641808817929
 0.3310649638365241
 0.3247307037434254
 0.3212060283911877
 0.3225599365471798

# name: <cell-element>
# type: matrix
# rows: 151
# columns: 1
 1.194264867211606
 1.150622220834716
 1.108351418901825
 1.064689887810906
 1.018894564078181
 0.9747387121123319
 0.9316314038237452
 0.8912470728184604
 0.8536673291208734
 0.8204918221496577
 0.7922417282959908
 0.7679997948957277
 0.745909090789928
 0.7254419237045671
 0.706598310886557
 0.6871065414678438
 0.6694002926113031
 0.6532090994984066
 0.6379485520617265
 0.6246642359318435
 0.6101884791934915
 0.593613394648701
 0.5753731530871269
 0.557417733852214
 0.5406646496170455
 0.5248455690796723
 0.5095932040345409
 0.4936973967518913
 0.4785521879893551
 0.4628583802411024
 0.4468578809416217
 0.4297617702669694
 0.4174780782175662
 0.421763930335108
 0.4301561838702335
 0.4311372263291286
 0.4263442384331476
 0.418656141718578
 0.405491735364983
 0.3872367086969143
 0.3712407022888811
 0.3568736286389972
 0.3442111030159911
 0.3326390877386675
 0.3269600927582673
 0.3216816200127204
 0.3161992365140806
 0.312032685565956
 0.3106507912326394
 0.3103042615515473
 0.3096096141842265
 0.3075420457536167
 0.3063010398342557
 0.309841618915037
 0.3170428270188833
 0.3234271704659095
 0.32795407862645
 0.3302860934389796
 0.3301073102204678
 0.3273101971315421
 0.3248279983577725
 0.3239554400842772
 0.3264115990185912
 0.3300422735241737
 0.3322540135250612
 0.3335670073425219
 0.3340886926331283
 0.3334989037234069
 0.3323997740009524
 0.3338771635191535
 0.3389422685338538
 0.3427061048602021
 0.3453368108030292
 0.3477529445759307
 0.3486147766785838
 0.3493225318492812
 0.3517281599193409
 0.3643874866352951
 0.3736938224693925
 0.3784609282760181
 0.3775046296447924
 0.3749908691186452
 0.3751907323734086
 0.3759319165543554
 0.3749666936926133
 0.3721848484220708
 0.3663050552686653
 0.3604118875445887
 0.3549580710822473
 0.3499379111711219
 0.3447903083483945
 0.3434923266348804
 0.3438500941061932
 0.3434932088752105
 0.3418086266871787
 0.3528278635135286
 0.3682034724525244
 0.3826167358248415
 0.395109721024369
 0.4044900308629911
 0.4098281307781632
 0.4096196034144244
 0.403584975676645
 0.3926052960964526
 0.3848699209395398
 0.3801925920127612
 0.3748271154072105
 0.3712559915553593
 0.3681819067218141
 0.3648433150876298
 0.3606099682592428
 0.3562765459803974
 0.3516509625639196
 0.3461392515423524
 0.3415651142157025
 0.3371242890954951
 0.3335859815053258
 0.3295367086574957
 0.3261123900574482
 0.3225179763486741
 0.3208047498823556
 0.32383150880641
 0.3358499464376201
 0.3458309114603441
 0.3520690612440874
 0.3587421404997473
 0.3620549573710821
 0.36782755529424
 0.3743725187485288
 0.3800085914310685
 0.3843249533056011
 0.3865485113588546
 0.3884462226808809
 0.3888039229059492
 0.3883008791907712
 0.3871355078247309
 0.3888393539069763
 0.3925978962731669
 0.3956045369133384
 0.3984457906686288
 0.4005582403466214
 0.3995509028666492
 0.3954901835114147
 0.3911635326908084
 0.3863105843819449
 0.3810226355408677
 0.3746573772912543
 0.3681723610846119
 0.3606630584863041
 0.3535905232726109
 0.3533926942009769

