# Created by Octave 3.0.5, Wed Dec 02 06:39:01 2009 CET <bruno@midjy>
# name: rbf_50ech_br_vpi
# type: cell
# rows: 1
# columns: 9
# name: <cell-element>
# type: matrix
# rows: 151
# columns: 1
 0.7508836059503116
 0.9516768675810305
 0.8625626898742941
 0.8576403569300262
 0.8111160310453912
 0.7893441568441777
 0.7248926555649549
 0.6098333825161069
 0.2279180973816518
 0.04102663437009853
 0.02350787518167518
 0.02387158506814573
 0.06439781288343585
 0.1736739478835122
 0.2279969760445745
 0.3305565919302609
 0.3305496206881184
 0.3305496206881184
 0.3305496206881184
 0.2783314125537649
 0.2783302159576772
 0.3326532441187394
 0.3261100942796313
 0.3261100942796313
 0.2828732000958537
 0.2906010831362381
 0.2828731811689379
 0.2828731811689379
 0.2795149110107288
 0.2795149110107288
 0.2828730680869842
 0.2751451850465998
 0.2708824438970838
 0.3218472018999368
 0.3218472018999368
 0.2779628003565884
 0.2703417746721728
 0.2264572623219833
 0.2193770166693198
 0.2193770166693198
 0.2264572623219833
 0.2703417769472857
 0.278052555360878
 0.2822031147451056
 0.2822031147451056
 0.3413422876055272
 0.3929375714811786
 0.3929375714811786
 0.3907142862916304
 0.3907142862916304
 0.3907142862916304
 0.3907601769763016
 0.3902671322084965
 0.3782000412339694
 0.3631471046142964
 0.4564812099248384
 0.4348637681394791
 0.4005169165060455
 0.4005168882724652
 0.3886707278724303
 0.3543602508725875
 0.3033591801323074
 0.2557526900125508
 0.3597701433817648
 0.3597664014826787
 0.3597664014826787
 0.3549504249354255
 0.4092734530964878
 0.4608687272084668
 0.4608687321206352
 0.4092766507539881
 0.4092766507539881
 0.348963277416831
 0.348963277416831
 0.348963277416831
 0.348963277416831
 0.348963277416831
 0.3489632311371031
 0.3489632311371031
 0.3489628149620619
 0.3489628149620619
 0.3441470842333786
 0.3441466929436349
 0.3398839517941188
 0.3398804661730475
 0.3469607118257109
 0.2953692287571077
 0.2878598081039083
 0.2878598081039083
 0.2591058528981748
 0.2597534902858956
 0.2522446679307401
 0.3032094282087058
 0.3548047023206848
 0.3986891980190714
 0.3986892029312399
 0.4035053473362062
 0.4035053473362062
 0.395777469441719
 0.3962468570564628
 0.3962468570564628
 0.3962468570564628
 0.3962468570564628
 0.3886716279016806
 0.3886716279016806
 0.3886716517170055
 0.3811628293618499
 0.381162805546525
 0.3740821410691917
 0.3447868241854652
 0.3413826193400012
 0.3957056475010634
 0.3957018810398301
 0.4468315364121669
 0.4468277950626107
 0.4516439440639442
 0.4516439440639442
 0.4468280783235321
 0.4472974711068392
 0.4427392025877347
 0.3760941822200448
 0.3816593229833314
 0.3410592051998943
 0.3100707373005286
 0.3100704834423837
 0.3100704834423837
 0.317798366482768
 0.3177984772896091
 0.3025617718940692
 0.3025617885458722
 0.2515970305430192
 0.2954815262414057
 0.2954815262414057
 0.2954815262414057
 0.2878605172087933
 0.2878605172087933
 0.338825277781152
 0.3829117347052808
 0.3829117347052808
 0.3829117347052808
 0.3806475272471098
 0.3806475278192386
 0.3737208561804171
 0.4275234117892782
 0.4640657469002145
 0.4267962635231604
 0.3952365901090317
 0.3952365901090317
 0.3952365952549288
 0.3952367060617699
 0.3957060936765137

# name: <cell-element>
# type: matrix
# rows: 151
# columns: 1
 0.7508836059503116
 0.8627040969363264
 0.8625107358522861
 0.8521794838683794
 0.7951360521599313
 0.7463123471931835
 0.6712601084163218
 0.2627131215666841
 0.04102663437009853
 0.03058812083433865
 0.02722985295124219
 0.1264311843020292
 0.2279969760445745
 0.2795918339274079
 0.3305531063091897
 0.3305496206881184
 0.3305496206881184
 0.2783314125537649
 0.2783302159576772
 0.2495762607519436
 0.2208223055462102
 0.2285501863114817
 0.2285501696596787
 0.2285501696596787
 0.2285501530078757
 0.2285501530078757
 0.2319084208909722
 0.2352666887740686
 0.2275388057336843
 0.2199176858942307
 0.2708824438970838
 0.2269979315468942
 0.2118681001591261
 0.2118681001591261
 0.1759210976734253
 0.1754925209709332
 0.2264572789737862
 0.2193770355962355
 0.2746942874777814
 0.2746942923899499
 0.3338334652503716
 0.385428743980126
 0.385428749126023
 0.3907142862916302
 0.3907142862916302
 0.3865637318195711
 0.387033119434315
 0.3825207414996147
 0.3674678048799417
 0.3730329187937105
 0.4050708356263698
 0.3740367335022457
 0.3740363149136651
 0.3740363149136651
 0.3740325481580387
 0.3735669414524241
 0.3225984415504848
 0.3192401736673885
 0.3192401736673885
 0.3144243079269763
 0.3252913981652284
 0.3762561587375872
 0.3762593561006945
 0.3762593561006945
 0.3523215452999274
 0.3523214396389833
 0.3523214396389833
 0.3523214396389833
 0.3523214396389833
 0.3523214396389833
 0.3164152182035519
 0.3235668809893089
 0.3235668809893089
 0.323566834709581
 0.3159458256769685
 0.3182099244259075
 0.3182095331361637
 0.3107007107810081
 0.3106972251599369
 0.3113448625476577
 0.3113448625476577
 0.303208716828708
 0.2998504512207244
 0.3226917701269699
 0.3226917750391383
 0.3275079194441047
 0.3791202981828756
 0.3791203033287726
 0.3795896909435164
 0.3795896909435164
 0.3795896909435164
 0.379727811462502
 0.3797737021471733
 0.3797737021471733
 0.3872825245023288
 0.387282105677659
 0.3717495747118899
 0.3717491561233091
 0.3717491561233091
 0.3642365670125272
 0.3637708328482685
 0.3566868452965189
 0.3533285774134224
 0.3533285774134224
 0.4028357398340726
 0.4180554563218301
 0.4103275732814458
 0.363551641465662
 0.363551641465662
 0.3347976862599286
 0.3347976862599286
 0.3352670738746724
 0.3307088052553008
 0.3080348596030152
 0.3080348596030152
 0.2707652297253894
 0.2741234976084859
 0.2666146919051333
 0.2156499339022803
 0.2046706569865713
 0.2046706569865713
 0.2485551526849579
 0.2410463303298023
 0.2953693584908645
 0.3475053959827926
 0.3475053959827926
 0.3475053959827926
 0.3984701562607584
 0.4500654303727374
 0.4500654352849059
 0.4596976827272791
 0.462609418863939
 0.4626094240098361
 0.4630784203348361
 0.4630784203348361
 0.463078309527995
 0.4630748239069237
 0.4631207145915951
 0.4115286332249479
 0.4115286332249479
 0.3906402627539144
 0.3619470648841219
 0.3619466462955412
 0.3619466462955412
 0.3619428795399148
 0.3614772561824972
 0.3614735142834111
 0.3806613861329513
 0.3806613861329513
 0.3681176373521549
 0.3681176373521549

