# Created by Octave 3.0.5, Wed Dec 02 03:27:46 2009 CET <bruno@midjy>
# name: rbf_50ech_fp_vk
# type: cell
# rows: 1
# columns: 9
# name: <cell-element>
# type: matrix
# rows: 151
# columns: 1
 1.194264867211606
 1.15446726195078
 1.116684368025884
 1.07836493984646
 1.038692075812129
 0.9991038198075169
 0.9610370840478933
 0.9224652128700194
 0.8853963745254053
 0.8522849130141041
 0.8226812669848284
 0.7974854481557487
 0.7761791778766948
 0.755605341135423
 0.7377709457363475
 0.720240372215774
 0.7028170972239948
 0.6879974146581892
 0.6746983054197168
 0.6622229247982798
 0.6506214984112797
 0.6409183792793491
 0.6298767470231958
 0.6171682395381471
 0.603322024702594
 0.5886362622286989
 0.5747290387238748
 0.5616180836824229
 0.5488048076193741
 0.5363892250915888
 0.5231344357696526
 0.5100993276831164
 0.4969417178408053
 0.4835479359493875
 0.4685942090035896
 0.4537980266159811
 0.4421494893274741
 0.4534564308341472
 0.4631979227221927
 0.4658144598035987
 0.4617547927139193
 0.4556861778091708
 0.4471963181975229
 0.4326380380729488
 0.4168423842336866
 0.4025464000922342
 0.3896656378757653
 0.3772810579360878
 0.3654774347736408
 0.3532740692589779
 0.342253387612337
 0.3348839761254921
 0.3312479836461293
 0.3276389476183078
 0.3248142381073861
 0.3233172219947817
 0.3213314764795145
 0.319317242909994
 0.3179009714195847
 0.3164652515279559
 0.3153266632945765
 0.319908274136103
 0.3256514772240158
 0.3283163584937229
 0.3286275221164427
 0.3270746278498957
 0.3264487931269874
 0.3266449454320926
 0.3269475392253065
 0.3270969980042651
 0.3269710999608499
 0.3269938793437573
 0.3310022116711149
 0.333735736228469
 0.3353648555742941
 0.3358833926236714
 0.3352185071302553
 0.3342271219285212
 0.3332094630505333
 0.3322562303919114
 0.3310304587493518
 0.3293392332055265
 0.3275592219864861
 0.325345159360804
 0.3229919214042759
 0.3207158715039883
 0.31991751791094
 0.3304331678559661
 0.3385445177756541
 0.3425198875810099
 0.341111883376817
 0.3355175086426737
 0.3322245592086243
 0.3314797301750605
 0.3298704327059252
 0.3286027188962424
 0.3264743023278759
 0.3226205844836173
 0.319012040896518
 0.3151420942204269
 0.310077376141718
 0.3221232569735877
 0.3345747060514003
 0.3527654366760917
 0.3701545339912259
 0.3858978647687574
 0.3990646882363918
 0.4087647166782081
 0.4139791463412766
 0.4138221407513602
 0.4078686430553953
 0.4002568109564619
 0.39524914939204
 0.3923059532079956
 0.3884434811673005
 0.3853487853932566
 0.3810136628767587
 0.3772858535511192
 0.3736533976890582
 0.3706248003157408
 0.3683382443675303
 0.3652505458909545
 0.3621512549914098
 0.357443302086945
 0.3519508821450305
 0.3493360857247318
 0.3531290731536647
 0.3571594464128187
 0.3615244129814816
 0.3656160953145316
 0.3683776463626797
 0.3689368740971384
 0.3665037698628897
 0.3614735631787296
 0.3528511981171975
 0.3450708156783461
 0.3428635686922772
 0.3512114357650377
 0.3575985768703386
 0.3607349360012957
 0.3604480921614434
 0.3552709522915888
 0.3486213750587788
 0.3449646056438654
 0.3433761701540752
 0.3399634064838323
 0.3363641808817929
 0.3310649638365241
 0.3247307037434254
 0.3212060283911877
 0.3225599365471798

# name: <cell-element>
# type: matrix
# rows: 151
# columns: 1
 1.194264867211606
 1.151035542653546
 1.109514164154599
 1.066483133305722
 1.022019057737186
 0.9788117427419646
 0.9362534263627704
 0.8946245263247901
 0.8572912504705713
 0.824766405481306
 0.797599155423627
 0.7743252704189695
 0.7522456729436516
 0.7328073429591894
 0.713171007869788
 0.6960861838004083
 0.6808088626167613
 0.6667814742668395
 0.6534548042569166
 0.6423366627866134
 0.6291003744974123
 0.6140675802143737
 0.5974919633636365
 0.5812844115672459
 0.5662592105776243
 0.5521175746860201
 0.5381767788358442
 0.5234996493963593
 0.5091262937844407
 0.4942962170481737
 0.4785770146671655
 0.4610575847994069
 0.4466039923088426
 0.4500757522876432
 0.45994807822847
 0.4608220921183562
 0.4549491593991965
 0.4469701229384816
 0.4345027352158066
 0.4165538346243055
 0.4007512379246183
 0.3863841236473887
 0.3728650357229209
 0.3599074035311403
 0.3465476957942278
 0.3404103357418495
 0.3352710007895127
 0.331278449573052
 0.3288563994620166
 0.3276246746428851
 0.3267586895498381
 0.3253396785408786
 0.3244981092888416
 0.3230755113901782
 0.3212646285368912
 0.3193182775641898
 0.3180542516175722
 0.3175674668279473
 0.3211723975010018
 0.3259989765214333
 0.3319456685584766
 0.3370283655575637
 0.3417197124189466
 0.3462005834467485
 0.349827640673147
 0.3519417474935194
 0.352754405187763
 0.352117863594189
 0.3501085850080203
 0.3480486249911606
 0.3460983320238793
 0.3439826753441159
 0.3419361855389023
 0.3395736521887384
 0.3366723352826665
 0.3326526777324095
 0.3265726444978782
 0.3285833622586463
 0.335394674227895
 0.3392384431078954
 0.3386467140509867
 0.3323224995558865
 0.3278431801051953
 0.3251308047663344
 0.3226083183016815
 0.3262959018964351
 0.3416451967236425
 0.3568323621243465
 0.3721517859100613
 0.3849805700613395
 0.3958472729357359
 0.4020301599867254
 0.4068727805004395
 0.4073603401105906
 0.4007344029317265
 0.3930466833089392
 0.3897997890460184
 0.388442075587097
 0.3861406060193635
 0.3835421969337848
 0.3805782181674395
 0.377750054254375
 0.3752110043667454
 0.3729274354885337
 0.3696057684204229
 0.3660256608189654
 0.3614614341433205
 0.3697929735548854
 0.3804816261602714
 0.3919615475427881
 0.4022049213444346
 0.41057579775463
 0.4160367827781414
 0.4176967753831221
 0.4158340916856942
 0.4109811790791877
 0.4033000409217388
 0.3924918009531723
 0.3820485737962498
 0.3731299074137845
 0.3642673379633732
 0.3566715015477224
 0.354942441853915
 0.3632945624447326
 0.3692069194648892
 0.3702353877018396
 0.3650101818211524
 0.3665037864655735
 0.3752233573175268
 0.3871884032152069
 0.3984617854929972
 0.4087621167955975
 0.4161768640023342
 0.4222995295846639
 0.4258271207903901
 0.4271223199366153
 0.4263732952467599
 0.4237329818390496
 0.4239359602217754
 0.4248362319432044
 0.4253357231760117
 0.4261419943619624
 0.4278431102116027
 0.4308641975003119
 0.4352018564092446
 0.4407076624273938
 0.4469249377774381
 0.453404281014833
 0.4593799409636793
 0.4642951543751325
 0.4671601094945436

