# Created by Octave 3.0.5, Wed Dec 02 03:27:46 2009 CET <bruno@midjy>
# name: rbf_50ech_fp_vpi
# type: cell
# rows: 1
# columns: 9
# name: <cell-element>
# type: matrix
# rows: 151
# columns: 1
 0.7508836059503116
 0.9516768675810305
 0.8625626898742941
 0.8576403569300262
 0.8111160310453912
 0.7893441568441777
 0.7248926555649549
 0.6098333825161069
 0.2279180973816518
 0.04102663437009853
 0.02350787518167518
 0.02387158506814573
 0.06439781288343585
 0.1736739478835122
 0.2279969760445745
 0.3305565919302609
 0.3305496206881184
 0.3305496206881184
 0.3305496206881184
 0.2783314125537649
 0.2783302159576772
 0.3326532441187394
 0.3261100942796313
 0.3261100942796313
 0.2828732000958537
 0.2906010831362381
 0.2828731811689379
 0.2828731811689379
 0.2795149110107288
 0.2795149110107288
 0.2828730680869842
 0.2751451850465998
 0.2708824438970838
 0.3218472018999368
 0.3218472018999368
 0.2779628003565884
 0.2703417746721728
 0.2264572623219833
 0.2193770166693198
 0.2193770166693198
 0.2264572623219833
 0.2703417769472857
 0.278052555360878
 0.2822031147451056
 0.2822031147451056
 0.3413422876055272
 0.3929375714811786
 0.3929375714811786
 0.3907142862916304
 0.3907142862916304
 0.3907142862916304
 0.3907601769763016
 0.3902671322084965
 0.3782000412339694
 0.3631471046142964
 0.4564812099248384
 0.4348637681394791
 0.4005169165060455
 0.4005168882724652
 0.3886707278724303
 0.3543602508725875
 0.3033591801323074
 0.2557526900125508
 0.3597701433817648
 0.3597664014826787
 0.3597664014826787
 0.3549504249354255
 0.4092734530964878
 0.4608687272084668
 0.4608687321206352
 0.4092766507539881
 0.4092766507539881
 0.348963277416831
 0.348963277416831
 0.348963277416831
 0.348963277416831
 0.348963277416831
 0.3489632311371031
 0.3489632311371031
 0.3489628149620619
 0.3489628149620619
 0.3441470842333786
 0.3441466929436349
 0.3398839517941188
 0.3398804661730475
 0.3469607118257109
 0.2953692287571077
 0.2878598081039083
 0.2878598081039083
 0.2591058528981748
 0.2597534902858956
 0.2522446679307401
 0.3032094282087058
 0.3548047023206848
 0.3986891980190714
 0.3986892029312399
 0.4035053473362062
 0.4035053473362062
 0.395777469441719
 0.3962468570564628
 0.3962468570564628
 0.3962468570564628
 0.3962468570564628
 0.3886716279016806
 0.3886716279016806
 0.3886716517170055
 0.3811628293618499
 0.381162805546525
 0.3740821410691917
 0.3447868241854652
 0.3413826193400012
 0.3957056475010634
 0.3957018810398301
 0.4468315364121669
 0.4468277950626107
 0.4516439440639442
 0.4516439440639442
 0.4468280783235321
 0.4472974711068392
 0.4427392025877347
 0.3760941822200448
 0.3816593229833314
 0.3410592051998943
 0.3100707373005286
 0.3100704834423837
 0.3100704834423837
 0.317798366482768
 0.3177984772896091
 0.3025617718940692
 0.3025617885458722
 0.2515970305430192
 0.2954815262414057
 0.2954815262414057
 0.2954815262414057
 0.2878605172087933
 0.2878605172087933
 0.338825277781152
 0.3829117347052808
 0.3829117347052808
 0.3829117347052808
 0.3806475272471098
 0.3806475278192386
 0.3737208561804171
 0.4275234117892782
 0.4640657469002145
 0.4267962635231604
 0.3952365901090317
 0.3952365901090317
 0.3952365952549288
 0.3952367060617699
 0.3957060936765137

# name: <cell-element>
# type: matrix
# rows: 151
# columns: 1
 0.7508836059503116
 0.9278000689759659
 0.8625107358522861
 0.8521794838683794
 0.7896154648145554
 0.7462819841340471
 0.6698810907913459
 0.2627131215666841
 0.04102663437009853
 0.02350787518167518
 0.02387158506814573
 0.1153625542344859
 0.1736739478835122
 0.2795918339274079
 0.3305531063091897
 0.3305496206881184
 0.3305496206881184
 0.2783314125537649
 0.2783302159576772
 0.3038992889130059
 0.2751453337072724
 0.2828732000958537
 0.2828732000958537
 0.2906010642093223
 0.2828731811689379
 0.2795149110107288
 0.2795149110107288
 0.2828730680869842
 0.2751451850465998
 0.3218472018999368
 0.3218472018999368
 0.2854716393635469
 0.2703417746721728
 0.2264572623219833
 0.2193770166693198
 0.2193770166693198
 0.2264572623219833
 0.2703417769472857
 0.2822031098329371
 0.2822031147451056
 0.3413422876055272
 0.3929375663352817
 0.3929375714811786
 0.3982231086467859
 0.3907142862916304
 0.3907142862916304
 0.3945878324741419
 0.3870790339343113
 0.3825207653149397
 0.3674678286952667
 0.4574436661227122
 0.4146089268808785
 0.4146084796913229
 0.4146084963431258
 0.3635978013779052
 0.3602395334948088
 0.3597701433817648
 0.3597664014826787
 0.4140894273686282
 0.4140556933559204
 0.4608686833421492
 0.4608686833421492
 0.409276601975502
 0.409276601975502
 0.3441470842333786
 0.3441470842333786
 0.3441470842333786
 0.3518749672737629
 0.3518745759840191
 0.3441466929436349
 0.3441432073225636
 0.3441432073225636
 0.3441432073225636
 0.2959093938390129
 0.2882883848064004
 0.2595344296006669
 0.2743425582937147
 0.2668337359385591
 0.2668337359385591
 0.2668337359385591
 0.2597534902858956
 0.2597534902858956
 0.3032094282087058
 0.3548047023206848
 0.3909613149786871
 0.3909613198908555
 0.3957774642958219
 0.3881564604091064
 0.3881564604091064
 0.3886258480238503
 0.3811170256686947
 0.3811170256686947
 0.3740825598938615
 0.37072431582609
 0.37072431582609
 0.4250473442815452
 0.4250473204662202
 0.4473468640371083
 0.4473468640371083
 0.4521170760760743
 0.4521170766482032
 0.4521170787463375
 0.447558810227233
 0.4325021293271041
 0.426221107512687
 0.3904167738729093
 0.3904165200147643
 0.3904165200147643
 0.3388244386481171
 0.3388244386481171
 0.3100704834423837
 0.3100705942492248
 0.3177984772896091
 0.2668337359385591
 0.2668337359385591
 0.2515970305430192
 0.2586772761956826
 0.3025617718940692
 0.3025617718940692
 0.346446286855034
 0.3388252778224216
 0.3904205571218607
 0.3883100349950772
 0.3342270840923262
 0.3313157270998028
 0.3242353706402982
 0.3242353706402982
 0.3242340612225802
 0.3751988215005461
 0.426794095612525
 0.3904185379883036
 0.3952359918109878
 0.3664820366052543
 0.3664820417511513
 0.3593304203332827
 0.3593304203332827
 0.3593304203332827
 0.359376311017954
 0.359376334833279
 0.359376334833279
 0.395751299071625
 0.3957512752563001
 0.3957512752563001
 0.3957508564316302
 0.3957040286401254
 0.3957036100515448
 0.3956998432959184
 0.3952342199385008
 0.3666968929366278
 0.3745628964959976
 0.4184137689885175

