# Created by Octave 3.0.5, Wed Dec 02 10:11:54 2009 CET <bruno@midjy>
# name: pol_50ech_br_vk
# type: cell
# rows: 1
# columns: 9
# name: <cell-element>
# type: matrix
# rows: 151
# columns: 1
 1.194264867211606
 1.142006925011675
 1.083956564699005
 1.028848846868274
 0.9855166224613743
 0.9455802174472334
 0.9043858497519546
 0.8629708794936291
 0.8212421421403319
 0.7797196677344275
 0.7741455787448029
 0.8030030884704724
 0.8857003818308897
 0.9865817663516039
 1.104587290829181
 1.239257197170532
 1.390465259679427
 1.558365430005929
 1.742036021117932
 1.941620807290243
 2.156273208515373
 2.385286575175195
 2.62854307269864
 2.887600801869231
 3.1655350044493
 3.469060783182575
 3.803140580717584
 4.177057203249467
 4.597421407166024
 5.090399113732731
 5.673566398535996
 6.358454856586538
 7.160604700719589
 8.092714344565611
 9.185044886329944
 10.46813268152813
 11.96329033817807
 13.71007790241897
 15.76265310990057
 18.15634526837747
 20.94339799649497
 24.18386750432575
 27.94828564560463
 32.31976436233225
 37.38981775705015
 43.26448193939513
 50.06556591187314
 57.93357379064241
 67.03304786955721
 77.5525079937277
 89.70421559645798
 103.7314920047624
 119.9211154589787
 138.6006035218117
 160.1563410935638
 185.0288179536925
 213.7328368550557
 246.8622166865204
 285.1047689624418
 329.2580564237114
 380.2429112538903
 439.1253735375433
 507.1459764550551
 585.7351243137412
 676.5313677127377
 781.4372750571493
 902.650478861019
 1042.716827421749
 1204.578072216312
 1391.635818600376
 1607.822124005398
 1857.685960701628
 2146.482268285926
 2480.289468196122
 2866.135636324359
 3312.146780685019
 3827.718317147239
 4423.713307955739
 5112.693495181782
 5909.185464143171
 6829.976543618893
 7894.474068472366
 9125.124601001296
 10547.87140550916
 12192.71757167287
 14094.34675375178
 16292.86273360169
 18834.63021599691
 21773.25413848017
 25170.71139728894
 29098.66574914645
 33639.96824881888
 38890.39735080139
 44960.69763961592
 51978.90825016199
 60093.06547783695
 69474.32386160314
 80320.56565204218
 92860.57824237391
 107358.8782841978
 124121.2927461707
 143501.4096260993
 165908.0362693785
 191813.8246476382
 221765.2400658843
 256394.0904846858
 296430.85232494
 342720.0789562134
 396238.2181696643
 458114.2122910683
 529653.3033444479
 612364.573085053
 707992.7718313779
 818555.13033296
 946384.0872680827
 1094176.092391802
 1265048.778987865
 1462606.638015941
 1691016.941239734
 1955097.863811215
 2260420.036314888
 2613424.032566779
 3021556.239683033
 3493425.945682651
 4038986.943638122
 4669747.480949895
 5399013.039973397
 6242166.997236652
 7216995.145719058
 8344060.850003271
 9647138.791541759
 11153716.53189367
 12895574.32509208
 14909455.49852515
 17237841.53099388
 19929848.168742
 23042261.48967833
 26640735.76779481
 30801178.4066733
 35611351.15468257
 41172721.38031035
 47602602.45824742
 55036628.41750778
 63631615.04597268
 73568867.81784955
 85058006.40981956
 98341386.48957525
 113699212.0439421
 131455446.0942263
 151984644.4794482
 175719856.8599297

# name: <cell-element>
# type: matrix
# rows: 151
# columns: 1
 1.194264867211606
 1.137577541189509
 1.073512794692868
 1.015349802802418
 0.967920880476287
 0.9234436406382296
 0.8779566545424975
 0.8315031868271938
 0.785573050519831
 0.7738231572493857
 0.8058600674421861
 0.8999714067756505
 1.016772650501122
 1.154612431680828
 1.31331204836304
 1.492782340250712
 1.692225471100194
 1.913715568714825
 2.157570522659916
 2.420837513385467
 2.702788204107834
 3.007421679800698
 3.339676164557012
 3.708523821857436
 4.123924212073717
 4.599194269939891
 5.15338510887474
 5.814202556720155
 6.609200562808306
 7.559834507237263
 8.69286560753214
 10.03997710471274
 11.63783488524354
 13.53132001998867
 15.77424103612688
 18.44183756479362
 21.61626527230454
 25.3759071011779
 29.82551188631133
 35.08467676633064
 41.29541354847426
 48.62427003879993
 57.26571731759464
 67.44984604449888
 79.44099506264541
 93.55301543219788
 110.1527182529528
 129.6718369506148
 152.6170441583747
 179.5862811351722
 211.2855262091991
 248.5478202822601
 292.3444294968234
 343.8252515838935
 404.3465707485349
 475.504617894985
 559.1809545035453
 657.5900960063107
 773.3377601021514
 909.4913293323914
 1069.659119175014
 1258.075150738865
 1479.742298200065
 1740.541846283635
 2047.397977040515
 2408.458930226609
 2833.313464779001
 3333.250359407953
 3921.556760845799
 4613.87211396679
 5428.604368692981
 6387.420229983002
 7515.821936823948
 8843.826297227561
 10406.76382354974
 12246.21964537948
 14411.14052272171
 16959.13780430797
 19958.02116952989
 23487.60323880268
 27641.82735451335
 32531.26577053466
 38286.06595782642
 45059.41295525036
 53031.60596942611
 62414.86299035294
 73458.96779306878
 86457.92186839093
 101757.7690096085
 119765.8179463966
 140961.4610481324
 165908.9591952037
 195272.4585563086
 229833.6708065266
 270512.6858234848
 318392.4641282934
 374747.6669686208
 441078.5917213931
 519151.1143450332
 611043.6987736222
 719202.7323502839
 846507.6524065188
 996347.6646566216
 1172712.177340452
 1380296.218930052
 1624626.267464843
 1912206.795572629
 2250693.768160422
 2649098.449931399
 3118027.208402303
 3669963.891026999
 4319602.204631257
 5084236.87172797
 5984224.057394257
 7043523.274659731
 8290335.253391709
 9757852.734933522
 11485144.02332698
 13518193.15717837
 15911124.07321686
 18727641.49769323
 22042726.89533524
 25944634.63065371
 30537241.47714153
 35942812.02777997
 42305253.63333271
 49793947.50810747
 58608258.00534875
 68982840.10474403
 81193886.41201629
 95566479.95046955
 112483248.559848
 132394551.2272158
 155830467.5574276
 183414909.58261
 215882231.5771902
 254096780.0659871
 299075904.4904662
 352017041.1527538
 414329591.4026724
 487672442.7902319
 573998132.0483867
 675604825.6108097
 795197501.5058963
 935959961.4030668
 1101639589.934317
 1296647117.72782
 1526174044.095117
 1796330845.344834
 2114309648.174875
 2488575698.799032

