# Created by Octave 3.0.5, Wed Dec 02 10:11:54 2009 CET <bruno@midjy>
# name: pol_50ech_br_vpi
# type: cell
# rows: 1
# columns: 9
# name: <cell-element>
# type: matrix
# rows: 151
# columns: 1
 0.7508836059503116
 0.8706586284368776
 0.7922359032228287
 0.5658971101364995
 0.3697185688653226
 0.2108334566314247
 0.1133523934762443
 0.02014960729857858
 0.01343307153238577
 0.01343307153238577
 0.01343307153238573
 0.006716535766192848
 0.006716535766192848
 0.01007480364928931
 0.01007480364928931
 0.07819461322920786
 0.1325176368400445
 0.1834823807606004
 0.2415273869856226
 0.2523943497652306
 0.2523943498020142
 0.3039896290812985
 0.3946876407432851
 0.4490106666297721
 0.5006040382197727
 0.5006040382197727
 0.4544554297857022
 0.4544837769753636
 0.4503949012474985
 0.4302396724425969
 0.3848400564541278
 0.3818373310296378
 0.3203817919052635
 0.3440324671711169
 0.2939553912848063
 0.2902334135152393
 0.2710915985006724
 0.2598017556487368
 0.2564076295591687
 0.2487008994419699
 0.2379159816982292
 0.1902268793126315
 0.1940311210717691
 0.1940311210717691
 0.1472024228391223
 0.1472024228391223
 0.142694687162849
 0.1468452416349082
 0.1391173585945238
 0.1391173585945238
 0.1678720421677206
 0.1678720421682581
 0.2558428840104106
 0.2558422857123667
 0.26065843528822
 0.2535781896355566
 0.2468616538693636
 0.2427714687237806
 0.2427714687310153
 0.2332836735485724
 0.2181088994192391
 0.223840360241864
 0.214920459531208
 0.2505801055118936
 0.2368050876843703
 0.2523785169349925
 0.2445125133756227
 0.2445125133756227
 0.2367846303352384
 0.2367846303352384
 0.2834866494636881
 0.2834866494636881
 0.2834866494636881
 0.2834866494636881
 0.2834866494636881
 0.2834866494636881
 0.2834866494636881
 0.2834866491692952
 0.2367846300408454
 0.2367846300408454
 0.2655393136145796
 0.2655393136145796
 0.3171345906459951
 0.3171345906459951
 0.3219507402218687
 0.3219507402218687
 0.3178618645004524
 0.2518441672036703
 0.2574093113151564
 0.2586035797898806
 0.2586848649973859
 0.2586848649973859
 0.2199363589402615
 0.2232946268233579
 0.2232946268233579
 0.2152105377814901
 0.2118522698983936
 0.2118522698983936
 0.2039862663390238
 0.2039862663390238
 0.189178137645976
 0.189178137645976
 0.189178137645976
 0.189178137645976
 0.189178137645976
 0.189178137645976
 0.1858198697628796
 0.1901894849201675
 0.1901894849201675
 0.2445125130812297
 0.2445125130812297
 0.2523785166405995
 0.2523785169349925
 0.3067015450960547
 0.323152410435506
 0.3488548306140025
 0.3488548306140025
 0.3488548306140025
 0.3507199912582104
 0.2963969630971481
 0.2963969628027552
 0.3052404002230331
 0.3052404002230331
 0.3052404002230331
 0.3033752395788252
 0.3033752395788252
 0.2857569084421964
 0.2693060408276325
 0.2790199789027097
 0.2937038512104391
 0.2882033522441618
 0.2885067837977598
 0.2372385602791442
 0.2372385602791442
 0.2346547029827193
 0.2199700177031076
 0.2084940020152972
 0.216578091057165
 0.216578091057165
 0.216578091057165
 0.216578091057165
 0.216578091057165
 0.216578091057165
 0.2408906139176517
 0.2046838151942638
 0.1976035695416003
 0.1976035695416003
 0.2016145556459373
 0.2016145556459373
 0.2134443224159008
 0.2335293174778393

# name: <cell-element>
# type: matrix
# rows: 151
# columns: 1
 0.7508836059503116
 0.746849019592256
 0.7028927548926078
 0.5225276787239853
 0.3061202566977556
 0.1935759371233254
 0.03766836648700189
 0.01679133941548223
 0.01679133941548223
 0.01679133941548219
 0.006716535766192848
 0.01007480364928931
 0.01715504930195273
 0.02387158506814558
 0.1325176391151573
 0.1325176368400445
 0.2415273869856226
 0.2490360819189178
 0.2523943498020142
 0.3039890307832546
 0.3616702160819967
 0.4202546736997443
 0.3692893173988473
 0.4202540754017005
 0.3770468570395401
 0.3770455476218221
 0.3509164581274888
 0.3676258991071365
 0.2956864734303743
 0.2556932406193977
 0.2590515085024942
 0.2497071667730333
 0.2463488988899369
 0.2360639593668058
 0.2238488159922736
 0.2202868584558351
 0.2020846036732192
 0.2020810550831443
 0.2020810550831443
 0.2091609524595372
 0.2125192203426337
 0.1737746111518547
 0.1656905221099869
 0.1578245185506171
 0.1578245185506171
 0.1578245185506171
 0.1578245185506171
 0.1578245185506171
 0.1794982281036872
 0.187364231663057
 0.187364231663057
 0.1840059637799605
 0.1806476958968641
 0.1806463864791461
 0.1853722076379175
 0.1853722076379175
 0.2397248926936812
 0.2397248926936812
 0.2403776109149218
 0.2403776109517054
 0.2482474449405112
 0.3663809134172069
 0.3663809134172069
 0.3663809134172069
 0.3663809134172069
 0.3663809137115999
 0.3663809137115999
 0.3147856344323156
 0.3236290718525935
 0.3236290715582005
 0.3236290715582005
 0.3236290712638076
 0.3236290712638076
 0.3236290712638076
 0.3354588357586581
 0.3354588357586581
 0.2811358075975959
 0.2863046434372358
 0.2424201310870462
 0.2424201310870462
 0.2457783989701427
 0.2457783989701427
 0.2457783989701427
 0.2491366668532391
 0.2491366668532391
 0.2491366668532391
 0.2491366668532391
 0.2491366668532391
 0.2420564212005757
 0.2420564212005757
 0.2420564212005757
 0.2420564212005757
 0.2386981533174792
 0.2386981533174792
 0.2386981533174792
 0.2386981533174792
 0.289662913889838
 0.289662913889838
 0.2863046460435252
 0.2863046460435252
 0.3378999252860259
 0.332731089446386
 0.4035049829468995
 0.4211233140835282
 0.4211233140835282
 0.4211233140835282
 0.422988474727736
 0.422988474727736
 0.3713931954852353
 0.3595634286784883
 0.3595634286784883
 0.3595634286784883
 0.3595634283840953
 0.3576982677398874
 0.3400799366032587
 0.2693060408276325
 0.2693060408276325
 0.2693060408276325
 0.2439778979678823
 0.2586625019621985
 0.2439777994646027
 0.2254215284774429
 0.2254215284774429
 0.2254215284774429
 0.2287797963605394
 0.2287797963605394
 0.2287797963605394
 0.2287797963605394
 0.2216995507078759
 0.2216995507078759
 0.2216995507078759
 0.2405269040311812
 0.2134443224159008
 0.2100860545328043
 0.2100860545328043
 0.2134443224159008
 0.2844940780501981
 0.2844940780501981
 0.2844940780869817
 0.2844940780869817
 0.3360893573294824
 0.3360893573294824
 0.3360893573294824
 0.3870541176074482
 0.3870541176074482
 0.3870541176074482
 0.3870541176074482
 0.3870541176074482
 0.3870541176074482
 0.3354588383649476
 0.3354588383281639

