# Created by Octave 3.0.5, Wed Dec 02 07:40:35 2009 CET <bruno@midjy>
# name: pol_50ech_fp_vpi
# type: cell
# rows: 1
# columns: 9
# name: <cell-element>
# type: matrix
# rows: 151
# columns: 1
 0.7508836059503116
 0.8706586284368776
 0.7922359032228287
 0.5658971101364995
 0.3697185688653226
 0.2108334566314247
 0.1133523934762443
 0.02014960729857858
 0.01343307153238577
 0.01343307153238577
 0.01343307153238573
 0.006716535766192848
 0.006716535766192848
 0.01007480364928931
 0.01007480364928931
 0.07819461322920786
 0.1325176368400445
 0.1834823807606004
 0.2415273869856226
 0.2523943497652306
 0.2523943498020142
 0.3039896290812985
 0.3946876407432851
 0.4490106666297721
 0.5006040382197727
 0.5006040382197727
 0.4544554297857022
 0.4544837769753636
 0.4503949012474985
 0.4302396724425969
 0.3848400564541278
 0.3818373310296378
 0.3203817919052635
 0.3440324671711169
 0.2939553912848063
 0.2902334135152393
 0.2710915985006724
 0.2598017556487368
 0.2564076295591687
 0.2487008994419699
 0.2379159816982292
 0.1902268793126315
 0.1940311210717691
 0.1940311210717691
 0.1472024228391223
 0.1472024228391223
 0.142694687162849
 0.1468452416349082
 0.1391173585945238
 0.1391173585945238
 0.1678720421677206
 0.1678720421682581
 0.2558428840104106
 0.2558422857123667
 0.26065843528822
 0.2535781896355566
 0.2468616538693636
 0.2427714687237806
 0.2427714687310153
 0.2332836735485724
 0.2181088994192391
 0.223840360241864
 0.214920459531208
 0.2505801055118936
 0.2368050876843703
 0.2523785169349925
 0.2445125133756227
 0.2445125133756227
 0.2367846303352384
 0.2367846303352384
 0.2834866494636881
 0.2834866494636881
 0.2834866494636881
 0.2834866494636881
 0.2834866494636881
 0.2834866494636881
 0.2834866494636881
 0.2834866491692952
 0.2367846300408454
 0.2367846300408454
 0.2655393136145796
 0.2655393136145796
 0.3171345906459951
 0.3171345906459951
 0.3219507402218687
 0.3219507402218687
 0.3178618645004524
 0.2518441672036703
 0.2574093113151564
 0.2586035797898806
 0.2586848649973859
 0.2586848649973859
 0.2199363589402615
 0.2232946268233579
 0.2232946268233579
 0.2152105377814901
 0.2118522698983936
 0.2118522698983936
 0.2039862663390238
 0.2039862663390238
 0.189178137645976
 0.189178137645976
 0.189178137645976
 0.189178137645976
 0.189178137645976
 0.189178137645976
 0.1858198697628796
 0.1901894849201675
 0.1901894849201675
 0.2445125130812297
 0.2445125130812297
 0.2523785166405995
 0.2523785169349925
 0.3067015450960547
 0.323152410435506
 0.3488548306140025
 0.3488548306140025
 0.3488548306140025
 0.3507199912582104
 0.2963969630971481
 0.2963969628027552
 0.3052404002230331
 0.3052404002230331
 0.3052404002230331
 0.3033752395788252
 0.3033752395788252
 0.2857569084421964
 0.2693060408276325
 0.2790199789027097
 0.2937038512104391
 0.2882033522441618
 0.2885067837977598
 0.2372385602791442
 0.2372385602791442
 0.2346547029827193
 0.2199700177031076
 0.2084940020152972
 0.216578091057165
 0.216578091057165
 0.216578091057165
 0.216578091057165
 0.216578091057165
 0.216578091057165
 0.2408906139176517
 0.2046838151942638
 0.1976035695416003
 0.1976035695416003
 0.2016145556459373
 0.2016145556459373
 0.2134443224159008
 0.2335293174778393

# name: <cell-element>
# type: matrix
# rows: 151
# columns: 1
 0.7508836059503116
 0.7537377198092716
 0.6740774333511643
 0.5448876581758635
 0.3061202566977556
 0.1935759371233254
 0.03431009860390542
 0.01007480364928931
 0.01343307153238577
 0.01007480364928927
 0.006716535766192848
 0.006716535766192848
 0.01007480364928931
 0.02051331718504915
 0.1325176391151573
 0.1834823974124034
 0.1834823807606004
 0.2523943497652306
 0.2523943497652306
 0.2523937515407539
 0.3946876407432851
 0.398045908626919
 0.5006040382197727
 0.4496392802169196
 0.4544850863930815
 0.4475571053353398
 0.4302396724425969
 0.3848400564541278
 0.3818373310296378
 0.3203817919052635
 0.2973136591679027
 0.2868751456321429
 0.2710915985006724
 0.2598017556487368
 0.2564076295591687
 0.2454283526434598
 0.2379159816982292
 0.1902268793126315
 0.1940311210717691
 0.1472024228391223
 0.1472024228391223
 0.142694687162849
 0.1349668041224646
 0.1391173585945238
 0.1314963495619114
 0.1678720421677206
 0.204247604704648
 0.2558428840104106
 0.2558422857123667
 0.2535781896355566
 0.2535781896355566
 0.2427714687237806
 0.2427714687237806
 0.2332836735485724
 0.2181088994192391
 0.223840360241864
 0.2155731777524486
 0.2368050876843703
 0.2411542451981333
 0.2445125133756227
 0.2445125133756227
 0.2367846303352384
 0.2834866494636881
 0.2834866494636881
 0.2834866494636881
 0.2759778271085325
 0.2834866494636881
 0.2834866494636881
 0.2834866491692952
 0.2834866491692952
 0.2834866491692952
 0.2367846300408454
 0.2655393136145796
 0.3171345929203421
 0.3171345906459951
 0.3219507402210827
 0.3219507402218687
 0.3178618645004524
 0.2668971064975993
 0.2574093113151564
 0.2455631484686112
 0.2528132221163399
 0.2334971217147227
 0.2152105377814901
 0.2152105377814901
 0.2152105377814901
 0.2152105377814901
 0.2039862663390238
 0.2039862663390238
 0.1962583832986395
 0.1815571286133635
 0.1815571286133635
 0.1815571286133635
 0.1815571286133635
 0.189178137645976
 0.189178137645976
 0.1824616018797831
 0.1824616018797831
 0.2445125130812297
 0.2609633784206809
 0.2609633784206809
 0.3056355849662196
 0.3793996472024064
 0.4052814561382978
 0.393066312763852
 0.3711873585495716
 0.3710731444008092
 0.2963969628027552
 0.2963969628027552
 0.2945318021585472
 0.2769134710219185
 0.2604626056824674
 0.2604626056824674
 0.2937038534855519
 0.2962874412860297
 0.2882033182819972
 0.2803373147226275
 0.2777534574262026
 0.2121040141437379
 0.1935477528032639
 0.1935477528032639
 0.1935477528032639
 0.2006279984559274
 0.2084940020152972
 0.2084940020152972
 0.2084940020152972
 0.2320471764973739
 0.1958403777739859
 0.1964930959952264
 0.1964930959952264
 0.189412850342563
 0.189412850342563
 0.2183412828247794
 0.2216995507078759
 0.2216995507078759
 0.2216995507078759
 0.2216995507078759
 0.2183412828247794
 0.2268127817116464
 0.2811358098727087
 0.2811358098727087
 0.3406276738734109
 0.3406276738734109
 0.3406276738734109
 0.2863046457123486
 0.2811358098727087
 0.2811358098727087
 0.2811358098727087
 0.2811358098727087
 0.2811358098727087
 0.2811358098727087

