# Created by Octave 3.0.5, Wed Dec 02 07:40:35 2009 CET <bruno@midjy>
# name: pol_50ech_fp_vk
# type: cell
# rows: 1
# columns: 9
# name: <cell-element>
# type: matrix
# rows: 151
# columns: 1
 1.194264867211606
 1.142006925011675
 1.083956564699005
 1.028848846868274
 0.9855166224613743
 0.9455802174472334
 0.9043858497519546
 0.8629708794936291
 0.8212421421403319
 0.7797196677344275
 0.7741455787448029
 0.8030030884704724
 0.8857003818308897
 0.9865817663516039
 1.104587290829181
 1.239257197170532
 1.390465259679427
 1.558365430005929
 1.742036021117932
 1.941620807290243
 2.156273208515373
 2.385286575175195
 2.62854307269864
 2.887600801869231
 3.1655350044493
 3.469060783182575
 3.803140580717584
 4.177057203249467
 4.597421407166024
 5.090399113732731
 5.673566398535996
 6.358454856586538
 7.160604700719589
 8.092714344565611
 9.185044886329944
 10.46813268152813
 11.96329033817807
 13.71007790241897
 15.76265310990057
 18.15634526837747
 20.94339799649497
 24.18386750432575
 27.94828564560463
 32.31976436233225
 37.38981775705015
 43.26448193939513
 50.06556591187314
 57.93357379064241
 67.03304786955721
 77.5525079937277
 89.70421559645798
 103.7314920047624
 119.9211154589787
 138.6006035218117
 160.1563410935638
 185.0288179536925
 213.7328368550557
 246.8622166865204
 285.1047689624418
 329.2580564237114
 380.2429112538903
 439.1253735375433
 507.1459764550551
 585.7351243137412
 676.5313677127377
 781.4372750571493
 902.650478861019
 1042.716827421749
 1204.578072216312
 1391.635818600376
 1607.822124005398
 1857.685960701628
 2146.482268285926
 2480.289468196122
 2866.135636324359
 3312.146780685019
 3827.718317147239
 4423.713307955739
 5112.693495181782
 5909.185464143171
 6829.976543618893
 7894.474068472366
 9125.124601001296
 10547.87140550916
 12192.71757167287
 14094.34675375178
 16292.86273360169
 18834.63021599691
 21773.25413848017
 25170.71139728894
 29098.66574914645
 33639.96824881888
 38890.39735080139
 44960.69763961592
 51978.90825016199
 60093.06547783695
 69474.32386160314
 80320.56565204218
 92860.57824237391
 107358.8782841978
 124121.2927461707
 143501.4096260993
 165908.0362693785
 191813.8246476382
 221765.2400658843
 256394.0904846858
 296430.85232494
 342720.0789562134
 396238.2181696643
 458114.2122910683
 529653.3033444479
 612364.573085053
 707992.7718313779
 818555.13033296
 946384.0872680827
 1094176.092391802
 1265048.778987865
 1462606.638015941
 1691016.941239734
 1955097.863811215
 2260420.036314888
 2613424.032566779
 3021556.239683033
 3493425.945682651
 4038986.943638122
 4669747.480949895
 5399013.039973397
 6242166.997236652
 7216995.145719058
 8344060.850003271
 9647138.791541759
 11153716.53189367
 12895574.32509208
 14909455.49852515
 17237841.53099388
 19929848.168742
 23042261.48967833
 26640735.76779481
 30801178.4066733
 35611351.15468257
 41172721.38031035
 47602602.45824742
 55036628.41750778
 63631615.04597268
 73568867.81784955
 85058006.40981956
 98341386.48957525
 113699212.0439421
 131455446.0942263
 151984644.4794482
 175719856.8599297

# name: <cell-element>
# type: matrix
# rows: 151
# columns: 1
 1.194264867211606
 1.137524164843982
 1.073454174364297
 1.015340921849175
 0.9678021106631809
 0.9231790114605216
 0.8774714710120717
 0.8308519437727059
 0.7847967555981851
 0.7724966866917173
 0.8051223241419259
 0.8994054518482966
 1.015706749833524
 1.152508104991131
 1.309283972186793
 1.485767323592741
 1.681573002457892
 1.896128629079509
 2.128923610305616
 2.378791621200578
 2.64620490847875
 2.934297043032941
 3.249260979371461
 3.600406319534899
 3.99833406799884
 4.45290090816138
 4.995563796116648
 5.651832982523598
 6.437895518922809
 7.37197488881369
 8.480339693402902
 9.806228647467389
 11.38739934395425
 13.26597972127558
 15.51737642813763
 18.1916236803093
 21.36203928315212
 25.11546546850404
 29.55467579128832
 34.80066624896768
 40.98925531245709
 48.28206053469634
 56.86724626422379
 66.96799491542301
 78.8473909011251
 92.80461257708805
 109.1945970611728
 128.4348115989554
 151.0203350050078
 177.5346418301808
 208.6642050169458
 245.2203110349055
 288.1570148931607
 338.6000447363619
 397.8756093022541
 467.5415044346676
 549.4460711939796
 645.7463283252043
 758.9730972779461
 892.1080389048283
 1048.66617298965
 1232.781079950989
 1449.317043756149
 1703.998211824587
 2003.556984742545
 2355.916000790054
 2770.398108359669
 3257.972878150813
 3831.547592781814
 4506.309311737148
 5300.131660479949
 6234.042213044693
 7332.776980821093
 8625.441059701987
 10146.27870770259
 11935.58417595698
 14040.76577301515
 16517.60612485827
 19431.73531100525
 22860.37330596173
 26894.37614501995
 31640.65026093728
 37224.98210243685
 43795.35111391794
 51525.87876715874
 60621.43392636998
 71323.06403753301
 83914.38038584843
 98729.07611884609
 116159.7706883955
 136668.415384662
 160798.5359390795
 189189.6365046482
 222594.1500979627
 261897.3779960063
 308140.9553469304
 362550.4516626445
 426567.8556840984
 501889.7972661244
 590512.5059204799
 694784.9474016384
 817470.4350190875
 961820.5544576778
 1131660.835559472
 1331492.429057048
 1566611.345326606
 1843248.780596291
 2168736.260712061
 2551699.946236665
 3002289.25187576
 3532445.813462686
 4156219.987272254
 4890143.205929958
 5753666.120935065
 6769674.014239726
 7965093.387450036
 9371605.549508302
 11026486.24312321
 12973593.53508442
 15264530.15285878
 17960011.07430423
 21131472.61155019
 24862965.63363834
 29253383.10355166
 34419080.96379673
 40496961.83105641
 47648103.22345848
 56062026.4766752
 65961719.48720367
 77609546.38980572
 91314200.80019955
 107438886.8902098
 126410945.115336
 148733177.6972542
 174997174.0161689
 205898989.0588166
 242257590.4443868
 285036562.9041184
 335369645.4498312
 394590778.0062196
 464269453.8216989
 546252314.5714905
 642712090.5163994
 756205182.7400475
 889739413.5360929
 1046853740.461038
 1231712046.679219
 1449213493.226761
 1705122357.810809
 2006220801.136443
 2360488609.419522

